Dynamical matrix file
Ph                                                                         
  1    2   2  10.3000000   0.0000000   0.0000000   0.0000000   0.0000000   0.0000000
           1  'Si  '    25598.823011949724     
    1    1      0.0000000000      0.0000000000      0.0000000000
    2    1      0.2500000000      0.2500000000      0.2500000000

     Dynamical  Matrix in cartesian axes

     q = (   -0.250000000   0.250000000  -0.250000000 ) 

    1    1
  0.26730934  -0.00000000    -0.01250171   0.00000000     0.01250171   0.00000000
 -0.01250171   0.00000000     0.26730934  -0.00000000    -0.01250171   0.00000000
  0.01250171  -0.00000000    -0.01250171   0.00000000     0.26730934   0.00000000
    1    2
 -0.20057819  -0.06101825    -0.03379889   0.03584921     0.03379889  -0.03584921
 -0.03379889   0.03584921    -0.20057819  -0.06101825    -0.03379889   0.03584921
  0.03379889  -0.03584921    -0.03379889   0.03584921    -0.20057819  -0.06101825
    2    1
 -0.20057819   0.06101825    -0.03379889  -0.03584921     0.03379889   0.03584921
 -0.03379889  -0.03584921    -0.20057819   0.06101825    -0.03379889  -0.03584921
  0.03379889   0.03584921    -0.03379889  -0.03584921    -0.20057819   0.06101825
    2    2
  0.26730934   0.00000000    -0.01250171  -0.00000000     0.01250171   0.00000000
 -0.01250171  -0.00000000     0.26730934   0.00000000    -0.01250171  -0.00000000
  0.01250171   0.00000000    -0.01250171  -0.00000000     0.26730934   0.00000000

     Dynamical  Matrix in cartesian axes

     q = (    0.250000000  -0.250000000  -0.250000000 ) 

    1    1
  0.26730934  -0.00000000    -0.01250171   0.00000000    -0.01250171   0.00000000
 -0.01250171   0.00000000     0.26730934  -0.00000000     0.01250171  -0.00000000
 -0.01250171   0.00000000     0.01250171  -0.00000000     0.26730934  -0.00000000
    1    2
 -0.20057819  -0.06101825    -0.03379889   0.03584921    -0.03379889   0.03584921
 -0.03379889   0.03584921    -0.20057819  -0.06101825     0.03379889  -0.03584921
 -0.03379889   0.03584921     0.03379889  -0.03584921    -0.20057819  -0.06101825
    2    1
 -0.20057819   0.06101825    -0.03379889  -0.03584921    -0.03379889  -0.03584921
 -0.03379889  -0.03584921    -0.20057819   0.06101825     0.03379889   0.03584921
 -0.03379889  -0.03584921     0.03379889   0.03584921    -0.20057819   0.06101825
    2    2
  0.26730934   0.00000000    -0.01250171  -0.00000000    -0.01250171  -0.00000000
 -0.01250171  -0.00000000     0.26730934   0.00000000     0.01250171   0.00000000
 -0.01250171  -0.00000000     0.01250171   0.00000000     0.26730934   0.00000000

     Dynamical  Matrix in cartesian axes

     q = (    0.250000000  -0.250000000   0.250000000 ) 

    1    1
  0.26730934   0.00000000    -0.01250171  -0.00000000     0.01250171   0.00000000
 -0.01250171  -0.00000000     0.26730934   0.00000000    -0.01250171  -0.00000000
  0.01250171   0.00000000    -0.01250171  -0.00000000     0.26730934   0.00000000
    1    2
 -0.20057819   0.06101825    -0.03379889  -0.03584921     0.03379889   0.03584921
 -0.03379889  -0.03584921    -0.20057819   0.06101825    -0.03379889  -0.03584921
  0.03379889   0.03584921    -0.03379889  -0.03584921    -0.20057819   0.06101825
    2    1
 -0.20057819  -0.06101825    -0.03379889   0.03584921     0.03379889  -0.03584921
 -0.03379889   0.03584921    -0.20057819  -0.06101825    -0.03379889   0.03584921
  0.03379889  -0.03584921    -0.03379889   0.03584921    -0.20057819  -0.06101825
    2    2
  0.26730934  -0.00000000    -0.01250171   0.00000000     0.01250171  -0.00000000
 -0.01250171   0.00000000     0.26730934  -0.00000000    -0.01250171   0.00000000
  0.01250171  -0.00000000    -0.01250171   0.00000000     0.26730934  -0.00000000

     Dynamical  Matrix in cartesian axes

     q = (    0.250000000   0.250000000   0.250000000 ) 

    1    1
  0.26730934  -0.00000000     0.01250171  -0.00000000     0.01250171  -0.00000000
  0.01250171  -0.00000000     0.26730934  -0.00000000     0.01250171  -0.00000000
  0.01250171  -0.00000000     0.01250171  -0.00000000     0.26730934  -0.00000000
    1    2
 -0.06101825   0.20057819    -0.03584921  -0.03379889    -0.03584921  -0.03379889
 -0.03584921  -0.03379889    -0.06101825   0.20057819    -0.03584921  -0.03379889
 -0.03584921  -0.03379889    -0.03584921  -0.03379889    -0.06101825   0.20057819
    2    1
 -0.06101825  -0.20057819    -0.03584921   0.03379889    -0.03584921   0.03379889
 -0.03584921   0.03379889    -0.06101825  -0.20057819    -0.03584921   0.03379889
 -0.03584921   0.03379889    -0.03584921   0.03379889    -0.06101825  -0.20057819
    2    2
  0.26730934   0.00000000     0.01250171   0.00000000     0.01250171   0.00000000
  0.01250171   0.00000000     0.26730934   0.00000000     0.01250171   0.00000000
  0.01250171   0.00000000     0.01250171   0.00000000     0.26730934   0.00000000

     Dynamical  Matrix in cartesian axes

     q = (   -0.250000000  -0.250000000  -0.250000000 ) 

    1    1
  0.26730934   0.00000000     0.01250171   0.00000000     0.01250171   0.00000000
  0.01250171   0.00000000     0.26730934   0.00000000     0.01250171   0.00000000
  0.01250171   0.00000000     0.01250171   0.00000000     0.26730934   0.00000000
    1    2
 -0.06101825  -0.20057819    -0.03584921   0.03379889    -0.03584921   0.03379889
 -0.03584921   0.03379889    -0.06101825  -0.20057819    -0.03584921   0.03379889
 -0.03584921   0.03379889    -0.03584921   0.03379889    -0.06101825  -0.20057819
    2    1
 -0.06101825   0.20057819    -0.03584921  -0.03379889    -0.03584921  -0.03379889
 -0.03584921  -0.03379889    -0.06101825   0.20057819    -0.03584921  -0.03379889
 -0.03584921  -0.03379889    -0.03584921  -0.03379889    -0.06101825   0.20057819
    2    2
  0.26730934  -0.00000000     0.01250171  -0.00000000     0.01250171  -0.00000000
  0.01250171  -0.00000000     0.26730934  -0.00000000     0.01250171  -0.00000000
  0.01250171  -0.00000000     0.01250171  -0.00000000     0.26730934  -0.00000000

     Dynamical  Matrix in cartesian axes

     q = (   -0.250000000  -0.250000000   0.250000000 ) 

    1    1
  0.26730934  -0.00000000     0.01250171  -0.00000000    -0.01250171   0.00000000
  0.01250171  -0.00000000     0.26730934  -0.00000000    -0.01250171   0.00000000
 -0.01250171   0.00000000    -0.01250171   0.00000000     0.26730934  -0.00000000
    1    2
 -0.20057819  -0.06101825     0.03379889  -0.03584921    -0.03379889   0.03584921
  0.03379889  -0.03584921    -0.20057819  -0.06101825    -0.03379889   0.03584921
 -0.03379889   0.03584921    -0.03379889   0.03584921    -0.20057819  -0.06101825
    2    1
 -0.20057819   0.06101825     0.03379889   0.03584921    -0.03379889  -0.03584921
  0.03379889   0.03584921    -0.20057819   0.06101825    -0.03379889  -0.03584921
 -0.03379889  -0.03584921    -0.03379889  -0.03584921    -0.20057819   0.06101825
    2    2
  0.26730934   0.00000000     0.01250171   0.00000000    -0.01250171  -0.00000000
  0.01250171   0.00000000     0.26730934   0.00000000    -0.01250171  -0.00000000
 -0.01250171  -0.00000000    -0.01250171  -0.00000000     0.26730934   0.00000000

     Dynamical  Matrix in cartesian axes

     q = (   -0.250000000   0.250000000   0.250000000 ) 

    1    1
  0.26730934   0.00000000    -0.01250171  -0.00000000    -0.01250171  -0.00000000
 -0.01250171  -0.00000000     0.26730934   0.00000000     0.01250171   0.00000000
 -0.01250171  -0.00000000     0.01250171   0.00000000     0.26730934   0.00000000
    1    2
 -0.20057819   0.06101825    -0.03379889  -0.03584921    -0.03379889  -0.03584921
 -0.03379889  -0.03584921    -0.20057819   0.06101825     0.03379889   0.03584921
 -0.03379889  -0.03584921     0.03379889   0.03584921    -0.20057819   0.06101825
    2    1
 -0.20057819  -0.06101825    -0.03379889   0.03584921    -0.03379889   0.03584921
 -0.03379889   0.03584921    -0.20057819  -0.06101825     0.03379889  -0.03584921
 -0.03379889   0.03584921     0.03379889  -0.03584921    -0.20057819  -0.06101825
    2    2
  0.26730934  -0.00000000    -0.01250171   0.00000000    -0.01250171   0.00000000
 -0.01250171   0.00000000     0.26730934  -0.00000000     0.01250171  -0.00000000
 -0.01250171   0.00000000     0.01250171  -0.00000000     0.26730934  -0.00000000

     Dynamical  Matrix in cartesian axes

     q = (    0.250000000   0.250000000  -0.250000000 ) 

    1    1
  0.26730934   0.00000000     0.01250171   0.00000000    -0.01250171  -0.00000000
  0.01250171   0.00000000     0.26730934   0.00000000    -0.01250171  -0.00000000
 -0.01250171  -0.00000000    -0.01250171  -0.00000000     0.26730934   0.00000000
    1    2
 -0.20057819   0.06101825     0.03379889   0.03584921    -0.03379889  -0.03584921
  0.03379889   0.03584921    -0.20057819   0.06101825    -0.03379889  -0.03584921
 -0.03379889  -0.03584921    -0.03379889  -0.03584921    -0.20057819   0.06101825
    2    1
 -0.20057819  -0.06101825     0.03379889  -0.03584921    -0.03379889   0.03584921
  0.03379889  -0.03584921    -0.20057819  -0.06101825    -0.03379889   0.03584921
 -0.03379889   0.03584921    -0.03379889   0.03584921    -0.20057819  -0.06101825
    2    2
  0.26730934  -0.00000000     0.01250171  -0.00000000    -0.01250171   0.00000000
  0.01250171  -0.00000000     0.26730934  -0.00000000    -0.01250171   0.00000000
 -0.01250171   0.00000000    -0.01250171   0.00000000     0.26730934  -0.00000000

     Diagonalizing the dynamical matrix

     q = (   -0.250000000   0.250000000  -0.250000000 ) 

 **************************************************************************
     freq (    1) =       2.840458 [THz] =      94.747488 [cm-1]
 ( -0.542044 -0.024858 -0.441829 -0.014096  0.100214  0.010762 ) 
 ( -0.541599  0.033160 -0.440809  0.033160  0.100791  0.000000 ) 
     freq (    2) =       2.840458 [THz] =      94.747488 [cm-1]
 ( -0.195399 -0.026896  0.369836  0.033803  0.565235  0.060699 ) 
 ( -0.197153 -0.005879  0.371331 -0.005879  0.568484  0.000000 ) 
     freq (    3) =       6.644941 [THz] =     221.651375 [cm-1]
 ( -0.288962 -0.288388  0.288962  0.288388 -0.288962 -0.288388 ) 
 ( -0.408248  0.000000  0.408248  0.000000 -0.408248  0.000000 ) 
     freq (    4) =      14.248566 [THz] =     475.281019 [cm-1]
 ( -0.288962 -0.288388  0.288962  0.288388 -0.288962 -0.288388 ) 
 (  0.408248  0.000000 -0.408248  0.000000  0.408248  0.000000 ) 
     freq (    5) =      14.401205 [THz] =     480.372479 [cm-1]
 ( -0.333599  0.372489 -0.333476  0.372502  0.000123  0.000013 ) 
 (  0.291920 -0.405979  0.291796 -0.405979 -0.000124  0.000000 ) 
     freq (    6) =      14.401205 [THz] =     480.372479 [cm-1]
 (  0.286953  0.030903 -0.287096 -0.030743 -0.574050 -0.061645 ) 
 ( -0.288613 -0.000087  0.288738 -0.000087  0.577350  0.000000 ) 
 **************************************************************************
