Dynamical matrix file
Ph                                                                         
  1    2  2 10.3000000  0.0000000  0.0000000  0.0000000  0.0000000  0.0000000
           1  'Si  '    25598.822984527003     
    1    1      0.0000000000      0.0000000000      0.0000000000
    2    1      0.2500000000      0.2500000000      0.2500000000

     Dynamical  Matrix in cartesian axes

     q = (    0.750000000  -0.250000000   0.750000000 ) 

    1    1
  0.23652361  0.00000000   -0.00640947  0.00815290    0.00648031  0.00000000
 -0.00640947 -0.00815290    0.28959296  0.00000000   -0.00640947 -0.00815290
  0.00648031  0.00000000   -0.00640947  0.00815290    0.23652361  0.00000000
    1    2
 -0.06037030  0.06249252   -0.03559476  0.03796469   -0.03521837 -0.12136529
 -0.03559476  0.03796469   -0.05992646  0.07895651   -0.03559476  0.03796469
 -0.03521837 -0.12136529   -0.03559476  0.03796469   -0.06037030  0.06249252
    2    1
 -0.06037030 -0.06249252   -0.03559476 -0.03796469   -0.03521837  0.12136529
 -0.03559476 -0.03796469   -0.05992646 -0.07895651   -0.03559476 -0.03796469
 -0.03521837  0.12136529   -0.03559476 -0.03796469   -0.06037030 -0.06249252
    2    2
  0.23652361  0.00000000   -0.00640947 -0.00815290    0.00648031  0.00000000
 -0.00640947  0.00815290    0.28959296  0.00000000   -0.00640947  0.00815290
  0.00648031  0.00000000   -0.00640947 -0.00815290    0.23652361  0.00000000

     Dynamical  Matrix in cartesian axes

     q = (    0.750000000  -0.250000000  -0.750000000 ) 

    1    1
  0.23652361  0.00000000   -0.00640947 -0.00815290   -0.00648031  0.00000000
 -0.00640947  0.00815290    0.28959296  0.00000000    0.00640947 -0.00815290
 -0.00648031  0.00000000    0.00640947  0.00815290    0.23652361  0.00000000
    1    2
 -0.06249252  0.06037030   -0.03796469  0.03559476   -0.12136529 -0.03521837
 -0.03796469  0.03559476   -0.07895651  0.05992646    0.03796469 -0.03559476
 -0.12136529 -0.03521837    0.03796469 -0.03559476   -0.06249252  0.06037030
    2    1
 -0.06249252 -0.06037030   -0.03796469 -0.03559476   -0.12136529  0.03521837
 -0.03796469 -0.03559476   -0.07895651 -0.05992646    0.03796469  0.03559476
 -0.12136529  0.03521837    0.03796469  0.03559476   -0.06249252 -0.06037030
    2    2
  0.23652361  0.00000000   -0.00640947  0.00815290   -0.00648031  0.00000000
 -0.00640947 -0.00815290    0.28959296  0.00000000    0.00640947  0.00815290
 -0.00648031  0.00000000    0.00640947 -0.00815290    0.23652361  0.00000000

     Dynamical  Matrix in cartesian axes

     q = (   -0.750000000  -0.250000000  -0.750000000 ) 

    1    1
  0.23652361  0.00000000    0.00640947 -0.00815290    0.00648031  0.00000000
  0.00640947  0.00815290    0.28959296  0.00000000    0.00640947  0.00815290
  0.00648031  0.00000000    0.00640947 -0.00815290    0.23652361  0.00000000
    1    2
  0.06249252  0.06037030   -0.03796469 -0.03559476   -0.12136529  0.03521837
 -0.03796469 -0.03559476    0.07895651  0.05992646   -0.03796469 -0.03559476
 -0.12136529  0.03521837   -0.03796469 -0.03559476    0.06249252  0.06037030
    2    1
  0.06249252 -0.06037030   -0.03796469  0.03559476   -0.12136529 -0.03521837
 -0.03796469  0.03559476    0.07895651 -0.05992646   -0.03796469  0.03559476
 -0.12136529 -0.03521837   -0.03796469  0.03559476    0.06249252 -0.06037030
    2    2
  0.23652361  0.00000000    0.00640947  0.00815290    0.00648031  0.00000000
  0.00640947 -0.00815290    0.28959296  0.00000000    0.00640947 -0.00815290
  0.00648031  0.00000000    0.00640947  0.00815290    0.23652361  0.00000000

     Dynamical  Matrix in cartesian axes

     q = (   -0.750000000  -0.250000000   0.750000000 ) 

    1    1
  0.23652361  0.00000000    0.00640947  0.00815290   -0.00648031  0.00000000
  0.00640947 -0.00815290    0.28959296  0.00000000   -0.00640947  0.00815290
 -0.00648031  0.00000000   -0.00640947 -0.00815290    0.23652361  0.00000000
    1    2
 -0.06249252  0.06037030    0.03796469 -0.03559476   -0.12136529 -0.03521837
  0.03796469 -0.03559476   -0.07895651  0.05992646   -0.03796469  0.03559476
 -0.12136529 -0.03521837   -0.03796469  0.03559476   -0.06249252  0.06037030
    2    1
 -0.06249252 -0.06037030    0.03796469  0.03559476   -0.12136529  0.03521837
  0.03796469  0.03559476   -0.07895651 -0.05992646   -0.03796469 -0.03559476
 -0.12136529  0.03521837   -0.03796469 -0.03559476   -0.06249252 -0.06037030
    2    2
  0.23652361  0.00000000    0.00640947 -0.00815290   -0.00648031  0.00000000
  0.00640947  0.00815290    0.28959296  0.00000000   -0.00640947 -0.00815290
 -0.00648031  0.00000000   -0.00640947  0.00815290    0.23652361  0.00000000

     Dynamical  Matrix in cartesian axes

     q = (   -0.750000000   0.250000000  -0.750000000 ) 

    1    1
  0.23652361  0.00000000   -0.00640947 -0.00815290    0.00648031  0.00000000
 -0.00640947  0.00815290    0.28959296  0.00000000   -0.00640947  0.00815290
  0.00648031  0.00000000   -0.00640947 -0.00815290    0.23652361  0.00000000
    1    2
 -0.06037030 -0.06249252   -0.03559476 -0.03796469   -0.03521837  0.12136529
 -0.03559476 -0.03796469   -0.05992646 -0.07895651   -0.03559476 -0.03796469
 -0.03521837  0.12136529   -0.03559476 -0.03796469   -0.06037030 -0.06249252
    2    1
 -0.06037030  0.06249252   -0.03559476  0.03796469   -0.03521837 -0.12136529
 -0.03559476  0.03796469   -0.05992646  0.07895651   -0.03559476  0.03796469
 -0.03521837 -0.12136529   -0.03559476  0.03796469   -0.06037030  0.06249252
    2    2
  0.23652361  0.00000000   -0.00640947  0.00815290    0.00648031  0.00000000
 -0.00640947 -0.00815290    0.28959296  0.00000000   -0.00640947 -0.00815290
  0.00648031  0.00000000   -0.00640947  0.00815290    0.23652361  0.00000000

     Dynamical  Matrix in cartesian axes

     q = (   -0.250000000   0.750000000  -0.750000000 ) 

    1    1
  0.28959296  0.00000000   -0.00640947  0.00815290    0.00640947 -0.00815290
 -0.00640947 -0.00815290    0.23652361  0.00000000   -0.00648031  0.00000000
  0.00640947  0.00815290   -0.00648031  0.00000000    0.23652361  0.00000000
    1    2
 -0.07895651  0.05992646   -0.03796469  0.03559476    0.03796469 -0.03559476
 -0.03796469  0.03559476   -0.06249252  0.06037030   -0.12136529 -0.03521837
  0.03796469 -0.03559476   -0.12136529 -0.03521837   -0.06249252  0.06037030
    2    1
 -0.07895651 -0.05992646   -0.03796469 -0.03559476    0.03796469  0.03559476
 -0.03796469 -0.03559476   -0.06249252 -0.06037030   -0.12136529  0.03521837
  0.03796469  0.03559476   -0.12136529  0.03521837   -0.06249252 -0.06037030
    2    2
  0.28959296  0.00000000   -0.00640947 -0.00815290    0.00640947  0.00815290
 -0.00640947  0.00815290    0.23652361  0.00000000   -0.00648031  0.00000000
  0.00640947 -0.00815290   -0.00648031  0.00000000    0.23652361  0.00000000

     Dynamical  Matrix in cartesian axes

     q = (   -0.750000000   0.750000000  -0.250000000 ) 

    1    1
  0.23652361  0.00000000   -0.00648031  0.00000000    0.00640947  0.00815290
 -0.00648031  0.00000000    0.23652361  0.00000000   -0.00640947 -0.00815290
  0.00640947 -0.00815290   -0.00640947  0.00815290    0.28959296  0.00000000
    1    2
 -0.06249252  0.06037030   -0.12136529 -0.03521837    0.03796469 -0.03559476
 -0.12136529 -0.03521837   -0.06249252  0.06037030   -0.03796469  0.03559476
  0.03796469 -0.03559476   -0.03796469  0.03559476   -0.07895651  0.05992646
    2    1
 -0.06249252 -0.06037030   -0.12136529  0.03521837    0.03796469  0.03559476
 -0.12136529  0.03521837   -0.06249252 -0.06037030   -0.03796469 -0.03559476
  0.03796469  0.03559476   -0.03796469 -0.03559476   -0.07895651 -0.05992646
    2    2
  0.23652361  0.00000000   -0.00648031  0.00000000    0.00640947 -0.00815290
 -0.00648031  0.00000000    0.23652361  0.00000000   -0.00640947  0.00815290
  0.00640947  0.00815290   -0.00640947 -0.00815290    0.28959296  0.00000000

     Dynamical  Matrix in cartesian axes

     q = (    0.750000000   0.250000000   0.750000000 ) 

    1    1
  0.23652361  0.00000000    0.00640947  0.00815290    0.00648031  0.00000000
  0.00640947 -0.00815290    0.28959296  0.00000000    0.00640947 -0.00815290
  0.00648031  0.00000000    0.00640947  0.00815290    0.23652361  0.00000000
    1    2
  0.06249252 -0.06037030   -0.03796469  0.03559476   -0.12136529 -0.03521837
 -0.03796469  0.03559476    0.07895651 -0.05992646   -0.03796469  0.03559476
 -0.12136529 -0.03521837   -0.03796469  0.03559476    0.06249252 -0.06037030
    2    1
  0.06249252  0.06037030   -0.03796469 -0.03559476   -0.12136529  0.03521837
 -0.03796469 -0.03559476    0.07895651  0.05992646   -0.03796469 -0.03559476
 -0.12136529  0.03521837   -0.03796469 -0.03559476    0.06249252  0.06037030
    2    2
  0.23652361  0.00000000    0.00640947 -0.00815290    0.00648031  0.00000000
  0.00640947  0.00815290    0.28959296  0.00000000    0.00640947  0.00815290
  0.00648031  0.00000000    0.00640947 -0.00815290    0.23652361  0.00000000

     Dynamical  Matrix in cartesian axes

     q = (   -0.750000000   0.250000000   0.750000000 ) 

    1    1
  0.23652361  0.00000000   -0.00640947  0.00815290   -0.00648031  0.00000000
 -0.00640947 -0.00815290    0.28959296  0.00000000    0.00640947  0.00815290
 -0.00648031  0.00000000    0.00640947 -0.00815290    0.23652361  0.00000000
    1    2
 -0.06249252 -0.06037030   -0.03796469 -0.03559476   -0.12136529  0.03521837
 -0.03796469 -0.03559476   -0.07895651 -0.05992646    0.03796469  0.03559476
 -0.12136529  0.03521837    0.03796469  0.03559476   -0.06249252 -0.06037030
    2    1
 -0.06249252  0.06037030   -0.03796469  0.03559476   -0.12136529 -0.03521837
 -0.03796469  0.03559476   -0.07895651  0.05992646    0.03796469 -0.03559476
 -0.12136529 -0.03521837    0.03796469 -0.03559476   -0.06249252  0.06037030
    2    2
  0.23652361  0.00000000   -0.00640947 -0.00815290   -0.00648031  0.00000000
 -0.00640947  0.00815290    0.28959296  0.00000000    0.00640947 -0.00815290
 -0.00648031  0.00000000    0.00640947  0.00815290    0.23652361  0.00000000

     Dynamical  Matrix in cartesian axes

     q = (    0.750000000   0.250000000  -0.750000000 ) 

    1    1
  0.23652361  0.00000000    0.00640947 -0.00815290   -0.00648031  0.00000000
  0.00640947  0.00815290    0.28959296  0.00000000   -0.00640947 -0.00815290
 -0.00648031  0.00000000   -0.00640947  0.00815290    0.23652361  0.00000000
    1    2
 -0.06249252 -0.06037030    0.03796469  0.03559476   -0.12136529  0.03521837
  0.03796469  0.03559476   -0.07895651 -0.05992646   -0.03796469 -0.03559476
 -0.12136529  0.03521837   -0.03796469 -0.03559476   -0.06249252 -0.06037030
    2    1
 -0.06249252  0.06037030    0.03796469 -0.03559476   -0.12136529 -0.03521837
  0.03796469 -0.03559476   -0.07895651  0.05992646   -0.03796469  0.03559476
 -0.12136529 -0.03521837   -0.03796469  0.03559476   -0.06249252  0.06037030
    2    2
  0.23652361  0.00000000    0.00640947  0.00815290   -0.00648031  0.00000000
  0.00640947 -0.00815290    0.28959296  0.00000000   -0.00640947  0.00815290
 -0.00648031  0.00000000   -0.00640947 -0.00815290    0.23652361  0.00000000

     Dynamical  Matrix in cartesian axes

     q = (   -0.750000000   0.750000000   0.250000000 ) 

    1    1
  0.23652361  0.00000000   -0.00648031  0.00000000   -0.00640947  0.00815290
 -0.00648031  0.00000000    0.23652361  0.00000000    0.00640947 -0.00815290
 -0.00640947 -0.00815290    0.00640947  0.00815290    0.28959296  0.00000000
    1    2
 -0.06249252 -0.06037030   -0.12136529  0.03521837   -0.03796469 -0.03559476
 -0.12136529  0.03521837   -0.06249252 -0.06037030    0.03796469  0.03559476
 -0.03796469 -0.03559476    0.03796469  0.03559476   -0.07895651 -0.05992646
    2    1
 -0.06249252  0.06037030   -0.12136529 -0.03521837   -0.03796469  0.03559476
 -0.12136529 -0.03521837   -0.06249252  0.06037030    0.03796469 -0.03559476
 -0.03796469  0.03559476    0.03796469 -0.03559476   -0.07895651  0.05992646
    2    2
  0.23652361  0.00000000   -0.00648031  0.00000000   -0.00640947 -0.00815290
 -0.00648031  0.00000000    0.23652361  0.00000000    0.00640947  0.00815290
 -0.00640947  0.00815290    0.00640947 -0.00815290    0.28959296  0.00000000

     Dynamical  Matrix in cartesian axes

     q = (   -0.250000000   0.750000000   0.750000000 ) 

    1    1
  0.28959296  0.00000000   -0.00640947 -0.00815290   -0.00640947 -0.00815290
 -0.00640947  0.00815290    0.23652361  0.00000000    0.00648031  0.00000000
 -0.00640947  0.00815290    0.00648031  0.00000000    0.23652361  0.00000000
    1    2
 -0.05992646  0.07895651   -0.03559476  0.03796469   -0.03559476  0.03796469
 -0.03559476  0.03796469   -0.06037030  0.06249252   -0.03521837 -0.12136529
 -0.03559476  0.03796469   -0.03521837 -0.12136529   -0.06037030  0.06249252
    2    1
 -0.05992646 -0.07895651   -0.03559476 -0.03796469   -0.03559476 -0.03796469
 -0.03559476 -0.03796469   -0.06037030 -0.06249252   -0.03521837  0.12136529
 -0.03559476 -0.03796469   -0.03521837  0.12136529   -0.06037030 -0.06249252
    2    2
  0.28959296  0.00000000   -0.00640947  0.00815290   -0.00640947  0.00815290
 -0.00640947 -0.00815290    0.23652361  0.00000000    0.00648031  0.00000000
 -0.00640947 -0.00815290    0.00648031  0.00000000    0.23652361  0.00000000

     Dynamical  Matrix in cartesian axes

     q = (    0.250000000   0.750000000  -0.750000000 ) 

    1    1
  0.28959296  0.00000000    0.00640947  0.00815290   -0.00640947 -0.00815290
  0.00640947 -0.00815290    0.23652361  0.00000000   -0.00648031  0.00000000
 -0.00640947  0.00815290   -0.00648031  0.00000000    0.23652361  0.00000000
    1    2
 -0.07895651 -0.05992646    0.03796469  0.03559476   -0.03796469 -0.03559476
  0.03796469  0.03559476   -0.06249252 -0.06037030   -0.12136529  0.03521837
 -0.03796469 -0.03559476   -0.12136529  0.03521837   -0.06249252 -0.06037030
    2    1
 -0.07895651  0.05992646    0.03796469 -0.03559476   -0.03796469  0.03559476
  0.03796469 -0.03559476   -0.06249252  0.06037030   -0.12136529 -0.03521837
 -0.03796469  0.03559476   -0.12136529 -0.03521837   -0.06249252  0.06037030
    2    2
  0.28959296  0.00000000    0.00640947 -0.00815290   -0.00640947  0.00815290
  0.00640947  0.00815290    0.23652361  0.00000000   -0.00648031  0.00000000
 -0.00640947 -0.00815290   -0.00648031  0.00000000    0.23652361  0.00000000

     Dynamical  Matrix in cartesian axes

     q = (   -0.250000000  -0.750000000  -0.750000000 ) 

    1    1
  0.28959296  0.00000000    0.00640947  0.00815290    0.00640947  0.00815290
  0.00640947 -0.00815290    0.23652361  0.00000000    0.00648031  0.00000000
  0.00640947 -0.00815290    0.00648031  0.00000000    0.23652361  0.00000000
    1    2
  0.07895651  0.05992646   -0.03796469 -0.03559476   -0.03796469 -0.03559476
 -0.03796469 -0.03559476    0.06249252  0.06037030   -0.12136529  0.03521837
 -0.03796469 -0.03559476   -0.12136529  0.03521837    0.06249252  0.06037030
    2    1
  0.07895651 -0.05992646   -0.03796469  0.03559476   -0.03796469  0.03559476
 -0.03796469  0.03559476    0.06249252 -0.06037030   -0.12136529 -0.03521837
 -0.03796469  0.03559476   -0.12136529 -0.03521837    0.06249252 -0.06037030
    2    2
  0.28959296  0.00000000    0.00640947 -0.00815290    0.00640947 -0.00815290
  0.00640947  0.00815290    0.23652361  0.00000000    0.00648031  0.00000000
  0.00640947  0.00815290    0.00648031  0.00000000    0.23652361  0.00000000

     Dynamical  Matrix in cartesian axes

     q = (    0.750000000   0.750000000  -0.250000000 ) 

    1    1
  0.23652361  0.00000000    0.00648031  0.00000000   -0.00640947  0.00815290
  0.00648031  0.00000000    0.23652361  0.00000000   -0.00640947  0.00815290
 -0.00640947 -0.00815290   -0.00640947 -0.00815290    0.28959296  0.00000000
    1    2
 -0.06037030  0.06249252   -0.03521837 -0.12136529   -0.03559476  0.03796469
 -0.03521837 -0.12136529   -0.06037030  0.06249252   -0.03559476  0.03796469
 -0.03559476  0.03796469   -0.03559476  0.03796469   -0.05992646  0.07895651
    2    1
 -0.06037030 -0.06249252   -0.03521837  0.12136529   -0.03559476 -0.03796469
 -0.03521837  0.12136529   -0.06037030 -0.06249252   -0.03559476 -0.03796469
 -0.03559476 -0.03796469   -0.03559476 -0.03796469   -0.05992646 -0.07895651
    2    2
  0.23652361  0.00000000    0.00648031  0.00000000   -0.00640947 -0.00815290
  0.00648031  0.00000000    0.23652361  0.00000000   -0.00640947 -0.00815290
 -0.00640947  0.00815290   -0.00640947  0.00815290    0.28959296  0.00000000

     Dynamical  Matrix in cartesian axes

     q = (    0.750000000  -0.750000000   0.250000000 ) 

    1    1
  0.23652361  0.00000000   -0.00648031  0.00000000    0.00640947 -0.00815290
 -0.00648031  0.00000000    0.23652361  0.00000000   -0.00640947  0.00815290
  0.00640947  0.00815290   -0.00640947 -0.00815290    0.28959296  0.00000000
    1    2
 -0.06249252 -0.06037030   -0.12136529  0.03521837    0.03796469  0.03559476
 -0.12136529  0.03521837   -0.06249252 -0.06037030   -0.03796469 -0.03559476
  0.03796469  0.03559476   -0.03796469 -0.03559476   -0.07895651 -0.05992646
    2    1
 -0.06249252  0.06037030   -0.12136529 -0.03521837    0.03796469 -0.03559476
 -0.12136529 -0.03521837   -0.06249252  0.06037030   -0.03796469  0.03559476
  0.03796469 -0.03559476   -0.03796469  0.03559476   -0.07895651  0.05992646
    2    2
  0.23652361  0.00000000   -0.00648031  0.00000000    0.00640947  0.00815290
 -0.00648031  0.00000000    0.23652361  0.00000000   -0.00640947 -0.00815290
  0.00640947 -0.00815290   -0.00640947  0.00815290    0.28959296  0.00000000

     Dynamical  Matrix in cartesian axes

     q = (   -0.750000000  -0.750000000  -0.250000000 ) 

    1    1
  0.23652361  0.00000000    0.00648031  0.00000000    0.00640947 -0.00815290
  0.00648031  0.00000000    0.23652361  0.00000000    0.00640947 -0.00815290
  0.00640947  0.00815290    0.00640947  0.00815290    0.28959296  0.00000000
    1    2
  0.06249252  0.06037030   -0.12136529  0.03521837   -0.03796469 -0.03559476
 -0.12136529  0.03521837    0.06249252  0.06037030   -0.03796469 -0.03559476
 -0.03796469 -0.03559476   -0.03796469 -0.03559476    0.07895651  0.05992646
    2    1
  0.06249252 -0.06037030   -0.12136529 -0.03521837   -0.03796469  0.03559476
 -0.12136529 -0.03521837    0.06249252 -0.06037030   -0.03796469  0.03559476
 -0.03796469  0.03559476   -0.03796469  0.03559476    0.07895651 -0.05992646
    2    2
  0.23652361  0.00000000    0.00648031  0.00000000    0.00640947  0.00815290
  0.00648031  0.00000000    0.23652361  0.00000000    0.00640947  0.00815290
  0.00640947 -0.00815290    0.00640947 -0.00815290    0.28959296  0.00000000

     Dynamical  Matrix in cartesian axes

     q = (    0.250000000  -0.750000000   0.750000000 ) 

    1    1
  0.28959296  0.00000000   -0.00640947 -0.00815290    0.00640947  0.00815290
 -0.00640947  0.00815290    0.23652361  0.00000000   -0.00648031  0.00000000
  0.00640947 -0.00815290   -0.00648031  0.00000000    0.23652361  0.00000000
    1    2
 -0.07895651 -0.05992646   -0.03796469 -0.03559476    0.03796469  0.03559476
 -0.03796469 -0.03559476   -0.06249252 -0.06037030   -0.12136529  0.03521837
  0.03796469  0.03559476   -0.12136529  0.03521837   -0.06249252 -0.06037030
    2    1
 -0.07895651  0.05992646   -0.03796469  0.03559476    0.03796469 -0.03559476
 -0.03796469  0.03559476   -0.06249252  0.06037030   -0.12136529 -0.03521837
  0.03796469 -0.03559476   -0.12136529 -0.03521837   -0.06249252  0.06037030
    2    2
  0.28959296  0.00000000   -0.00640947  0.00815290    0.00640947 -0.00815290
 -0.00640947 -0.00815290    0.23652361  0.00000000   -0.00648031  0.00000000
  0.00640947  0.00815290   -0.00648031  0.00000000    0.23652361  0.00000000

     Dynamical  Matrix in cartesian axes

     q = (   -0.750000000  -0.750000000   0.250000000 ) 

    1    1
  0.23652361  0.00000000    0.00648031  0.00000000   -0.00640947 -0.00815290
  0.00648031  0.00000000    0.23652361  0.00000000   -0.00640947 -0.00815290
 -0.00640947  0.00815290   -0.00640947  0.00815290    0.28959296  0.00000000
    1    2
 -0.06037030 -0.06249252   -0.03521837  0.12136529   -0.03559476 -0.03796469
 -0.03521837  0.12136529   -0.06037030 -0.06249252   -0.03559476 -0.03796469
 -0.03559476 -0.03796469   -0.03559476 -0.03796469   -0.05992646 -0.07895651
    2    1
 -0.06037030  0.06249252   -0.03521837 -0.12136529   -0.03559476  0.03796469
 -0.03521837 -0.12136529   -0.06037030  0.06249252   -0.03559476  0.03796469
 -0.03559476  0.03796469   -0.03559476  0.03796469   -0.05992646  0.07895651
    2    2
  0.23652361  0.00000000    0.00648031  0.00000000   -0.00640947  0.00815290
  0.00648031  0.00000000    0.23652361  0.00000000   -0.00640947  0.00815290
 -0.00640947 -0.00815290   -0.00640947 -0.00815290    0.28959296  0.00000000

     Dynamical  Matrix in cartesian axes

     q = (    0.250000000   0.750000000   0.750000000 ) 

    1    1
  0.28959296  0.00000000    0.00640947 -0.00815290    0.00640947 -0.00815290
  0.00640947  0.00815290    0.23652361  0.00000000    0.00648031  0.00000000
  0.00640947  0.00815290    0.00648031  0.00000000    0.23652361  0.00000000
    1    2
  0.07895651 -0.05992646   -0.03796469  0.03559476   -0.03796469  0.03559476
 -0.03796469  0.03559476    0.06249252 -0.06037030   -0.12136529 -0.03521837
 -0.03796469  0.03559476   -0.12136529 -0.03521837    0.06249252 -0.06037030
    2    1
  0.07895651  0.05992646   -0.03796469 -0.03559476   -0.03796469 -0.03559476
 -0.03796469 -0.03559476    0.06249252  0.06037030   -0.12136529  0.03521837
 -0.03796469 -0.03559476   -0.12136529  0.03521837    0.06249252  0.06037030
    2    2
  0.28959296  0.00000000    0.00640947  0.00815290    0.00640947  0.00815290
  0.00640947 -0.00815290    0.23652361  0.00000000    0.00648031  0.00000000
  0.00640947 -0.00815290    0.00648031  0.00000000    0.23652361  0.00000000

     Dynamical  Matrix in cartesian axes

     q = (   -0.250000000  -0.750000000   0.750000000 ) 

    1    1
  0.28959296  0.00000000    0.00640947 -0.00815290   -0.00640947  0.00815290
  0.00640947  0.00815290    0.23652361  0.00000000   -0.00648031  0.00000000
 -0.00640947 -0.00815290   -0.00648031  0.00000000    0.23652361  0.00000000
    1    2
 -0.07895651  0.05992646    0.03796469 -0.03559476   -0.03796469  0.03559476
  0.03796469 -0.03559476   -0.06249252  0.06037030   -0.12136529 -0.03521837
 -0.03796469  0.03559476   -0.12136529 -0.03521837   -0.06249252  0.06037030
    2    1
 -0.07895651 -0.05992646    0.03796469  0.03559476   -0.03796469 -0.03559476
  0.03796469  0.03559476   -0.06249252 -0.06037030   -0.12136529  0.03521837
 -0.03796469 -0.03559476   -0.12136529  0.03521837   -0.06249252 -0.06037030
    2    2
  0.28959296  0.00000000    0.00640947  0.00815290   -0.00640947 -0.00815290
  0.00640947 -0.00815290    0.23652361  0.00000000   -0.00648031  0.00000000
 -0.00640947  0.00815290   -0.00648031  0.00000000    0.23652361  0.00000000

     Dynamical  Matrix in cartesian axes

     q = (    0.750000000   0.750000000   0.250000000 ) 

    1    1
  0.23652361  0.00000000    0.00648031  0.00000000    0.00640947  0.00815290
  0.00648031  0.00000000    0.23652361  0.00000000    0.00640947  0.00815290
  0.00640947 -0.00815290    0.00640947 -0.00815290    0.28959296  0.00000000
    1    2
  0.06249252 -0.06037030   -0.12136529 -0.03521837   -0.03796469  0.03559476
 -0.12136529 -0.03521837    0.06249252 -0.06037030   -0.03796469  0.03559476
 -0.03796469  0.03559476   -0.03796469  0.03559476    0.07895651 -0.05992646
    2    1
  0.06249252  0.06037030   -0.12136529  0.03521837   -0.03796469 -0.03559476
 -0.12136529  0.03521837    0.06249252  0.06037030   -0.03796469 -0.03559476
 -0.03796469 -0.03559476   -0.03796469 -0.03559476    0.07895651  0.05992646
    2    2
  0.23652361  0.00000000    0.00648031  0.00000000    0.00640947 -0.00815290
  0.00648031  0.00000000    0.23652361  0.00000000    0.00640947 -0.00815290
  0.00640947  0.00815290    0.00640947  0.00815290    0.28959296  0.00000000

     Dynamical  Matrix in cartesian axes

     q = (    0.250000000  -0.750000000  -0.750000000 ) 

    1    1
  0.28959296  0.00000000   -0.00640947  0.00815290   -0.00640947  0.00815290
 -0.00640947 -0.00815290    0.23652361  0.00000000    0.00648031  0.00000000
 -0.00640947 -0.00815290    0.00648031  0.00000000    0.23652361  0.00000000
    1    2
 -0.05992646 -0.07895651   -0.03559476 -0.03796469   -0.03559476 -0.03796469
 -0.03559476 -0.03796469   -0.06037030 -0.06249252   -0.03521837  0.12136529
 -0.03559476 -0.03796469   -0.03521837  0.12136529   -0.06037030 -0.06249252
    2    1
 -0.05992646  0.07895651   -0.03559476  0.03796469   -0.03559476  0.03796469
 -0.03559476  0.03796469   -0.06037030  0.06249252   -0.03521837 -0.12136529
 -0.03559476  0.03796469   -0.03521837 -0.12136529   -0.06037030  0.06249252
    2    2
  0.28959296  0.00000000   -0.00640947 -0.00815290   -0.00640947 -0.00815290
 -0.00640947  0.00815290    0.23652361  0.00000000    0.00648031  0.00000000
 -0.00640947  0.00815290    0.00648031  0.00000000    0.23652361  0.00000000

     Dynamical  Matrix in cartesian axes

     q = (    0.750000000  -0.750000000  -0.250000000 ) 

    1    1
  0.23652361  0.00000000   -0.00648031  0.00000000   -0.00640947 -0.00815290
 -0.00648031  0.00000000    0.23652361  0.00000000    0.00640947  0.00815290
 -0.00640947  0.00815290    0.00640947 -0.00815290    0.28959296  0.00000000
    1    2
 -0.06249252  0.06037030   -0.12136529 -0.03521837   -0.03796469  0.03559476
 -0.12136529 -0.03521837   -0.06249252  0.06037030    0.03796469 -0.03559476
 -0.03796469  0.03559476    0.03796469 -0.03559476   -0.07895651  0.05992646
    2    1
 -0.06249252 -0.06037030   -0.12136529  0.03521837   -0.03796469 -0.03559476
 -0.12136529  0.03521837   -0.06249252 -0.06037030    0.03796469  0.03559476
 -0.03796469 -0.03559476    0.03796469  0.03559476   -0.07895651 -0.05992646
    2    2
  0.23652361  0.00000000   -0.00648031  0.00000000   -0.00640947  0.00815290
 -0.00648031  0.00000000    0.23652361  0.00000000    0.00640947 -0.00815290
 -0.00640947 -0.00815290    0.00640947  0.00815290    0.28959296  0.00000000

     Diagonalizing the dynamical matrix

     q = (    0.750000000  -0.250000000   0.750000000 ) 

 **************************************************************************
     freq (    1) =       4.336242 [THz] =     144.641459 [cm-1]
 (  0.067769 -0.495386 -0.000000  0.000000 -0.067769  0.495386 ) 
 (  0.500000 -0.000000  0.000000 -0.000000 -0.500000  0.000000 ) 
     freq (    2) =       6.181558 [THz] =     206.194592 [cm-1]
 (  0.399834  0.122483  0.353991 -0.157963  0.399834  0.122483 ) 
 (  0.418174 -0.000000  0.292198  0.254719  0.418174  0.000000 ) 
     freq (    3) =       9.263068 [THz] =     308.982692 [cm-1]
 ( -0.062539  0.311902 -0.422486 -0.345133 -0.062539  0.311902 ) 
 (  0.318110  0.000000 -0.255339 -0.482093  0.318110  0.000000 ) 
     freq (    4) =      11.835413 [THz] =     394.786883 [cm-1]
 ( -0.156998 -0.314473  0.408673  0.293094 -0.156998 -0.314473 ) 
 (  0.351484  0.000000 -0.444773 -0.234722  0.351484  0.000000 ) 
     freq (    5) =      13.255920 [THz] =     442.169900 [cm-1]
 ( -0.067769  0.495386 -0.000000  0.000000  0.067769 -0.495386 ) 
 (  0.500000  0.000000  0.000000  0.000000 -0.500000  0.000000 ) 
     freq (    6) =      13.647921 [THz] =     455.245628 [cm-1]
 (  0.290745  0.125946  0.496365 -0.229850  0.290745  0.125946 ) 
 ( -0.316852 -0.000000 -0.364104 -0.408213 -0.316852  0.000000 ) 
 **************************************************************************
