Dynamical matrix file
Ph                                                                         
  1    2   2  10.3000000   0.0000000   0.0000000   0.0000000   0.0000000   0.0000000
           1  'Si  '    25598.823011949724     
    1    1      0.0000000000      0.0000000000      0.0000000000
    2    1      0.2500000000      0.2500000000      0.2500000000

     Dynamical  Matrix in cartesian axes

     q = (    0.750000000  -0.250000000   0.750000000 ) 

    1    1
  0.23652412   0.00000000    -0.00640976   0.00815287     0.00648102   0.00000000
 -0.00640976  -0.00815287     0.28959319   0.00000000    -0.00640976  -0.00815287
  0.00648102   0.00000000    -0.00640976   0.00815287     0.23652412   0.00000000
    1    2
 -0.06037063   0.06249274    -0.03559576   0.03796548    -0.03521879  -0.12136505
 -0.03559576   0.03796548    -0.05992646   0.07895478    -0.03559576   0.03796548
 -0.03521879  -0.12136505    -0.03559576   0.03796548    -0.06037063   0.06249274
    2    1
 -0.06037063  -0.06249274    -0.03559576  -0.03796548    -0.03521879   0.12136505
 -0.03559576  -0.03796548    -0.05992646  -0.07895478    -0.03559576  -0.03796548
 -0.03521879   0.12136505    -0.03559576  -0.03796548    -0.06037063  -0.06249274
    2    2
  0.23652412  -0.00000000    -0.00640976  -0.00815287     0.00648102  -0.00000000
 -0.00640976   0.00815287     0.28959319  -0.00000000    -0.00640976   0.00815287
  0.00648102  -0.00000000    -0.00640976  -0.00815287     0.23652412  -0.00000000

     Dynamical  Matrix in cartesian axes

     q = (    0.750000000  -0.250000000  -0.750000000 ) 

    1    1
  0.23652412   0.00000000    -0.00640976  -0.00815287    -0.00648102   0.00000000
 -0.00640976   0.00815287     0.28959319  -0.00000000     0.00640976  -0.00815287
 -0.00648102   0.00000000     0.00640976   0.00815287     0.23652412   0.00000000
    1    2
 -0.06249274   0.06037063    -0.03796548   0.03559576    -0.12136505  -0.03521879
 -0.03796548   0.03559576    -0.07895478   0.05992646     0.03796548  -0.03559576
 -0.12136505  -0.03521879     0.03796548  -0.03559576    -0.06249274   0.06037063
    2    1
 -0.06249274  -0.06037063    -0.03796548  -0.03559576    -0.12136505   0.03521879
 -0.03796548  -0.03559576    -0.07895478  -0.05992646     0.03796548   0.03559576
 -0.12136505   0.03521879     0.03796548   0.03559576    -0.06249274  -0.06037063
    2    2
  0.23652412   0.00000000    -0.00640976   0.00815287    -0.00648102   0.00000000
 -0.00640976  -0.00815287     0.28959319   0.00000000     0.00640976   0.00815287
 -0.00648102   0.00000000     0.00640976  -0.00815287     0.23652412   0.00000000

     Dynamical  Matrix in cartesian axes

     q = (   -0.750000000  -0.250000000  -0.750000000 ) 

    1    1
  0.23652412  -0.00000000     0.00640976  -0.00815287     0.00648102  -0.00000000
  0.00640976   0.00815287     0.28959319  -0.00000000     0.00640976   0.00815287
  0.00648102  -0.00000000     0.00640976  -0.00815287     0.23652412  -0.00000000
    1    2
  0.06249274   0.06037063    -0.03796548  -0.03559576    -0.12136505   0.03521879
 -0.03796548  -0.03559576     0.07895478   0.05992646    -0.03796548  -0.03559576
 -0.12136505   0.03521879    -0.03796548  -0.03559576     0.06249274   0.06037063
    2    1
  0.06249274  -0.06037063    -0.03796548   0.03559576    -0.12136505  -0.03521879
 -0.03796548   0.03559576     0.07895478  -0.05992646    -0.03796548   0.03559576
 -0.12136505  -0.03521879    -0.03796548   0.03559576     0.06249274  -0.06037063
    2    2
  0.23652412   0.00000000     0.00640976   0.00815287     0.00648102   0.00000000
  0.00640976  -0.00815287     0.28959319   0.00000000     0.00640976  -0.00815287
  0.00648102   0.00000000     0.00640976   0.00815287     0.23652412   0.00000000

     Dynamical  Matrix in cartesian axes

     q = (   -0.750000000  -0.250000000   0.750000000 ) 

    1    1
  0.23652412   0.00000000     0.00640976   0.00815287    -0.00648102   0.00000000
  0.00640976  -0.00815287     0.28959319   0.00000000    -0.00640976   0.00815287
 -0.00648102   0.00000000    -0.00640976  -0.00815287     0.23652412   0.00000000
    1    2
 -0.06249274   0.06037063     0.03796548  -0.03559576    -0.12136505  -0.03521879
  0.03796548  -0.03559576    -0.07895478   0.05992646    -0.03796548   0.03559576
 -0.12136505  -0.03521879    -0.03796548   0.03559576    -0.06249274   0.06037063
    2    1
 -0.06249274  -0.06037063     0.03796548   0.03559576    -0.12136505   0.03521879
  0.03796548   0.03559576    -0.07895478  -0.05992646    -0.03796548  -0.03559576
 -0.12136505   0.03521879    -0.03796548  -0.03559576    -0.06249274  -0.06037063
    2    2
  0.23652412   0.00000000     0.00640976  -0.00815287    -0.00648102   0.00000000
  0.00640976   0.00815287     0.28959319  -0.00000000    -0.00640976  -0.00815287
 -0.00648102   0.00000000    -0.00640976   0.00815287     0.23652412   0.00000000

     Dynamical  Matrix in cartesian axes

     q = (   -0.750000000   0.250000000  -0.750000000 ) 

    1    1
  0.23652412  -0.00000000    -0.00640976  -0.00815287     0.00648102  -0.00000000
 -0.00640976   0.00815287     0.28959319  -0.00000000    -0.00640976   0.00815287
  0.00648102  -0.00000000    -0.00640976  -0.00815287     0.23652412  -0.00000000
    1    2
 -0.06037063  -0.06249274    -0.03559576  -0.03796548    -0.03521879   0.12136505
 -0.03559576  -0.03796548    -0.05992646  -0.07895478    -0.03559576  -0.03796548
 -0.03521879   0.12136505    -0.03559576  -0.03796548    -0.06037063  -0.06249274
    2    1
 -0.06037063   0.06249274    -0.03559576   0.03796548    -0.03521879  -0.12136505
 -0.03559576   0.03796548    -0.05992646   0.07895478    -0.03559576   0.03796548
 -0.03521879  -0.12136505    -0.03559576   0.03796548    -0.06037063   0.06249274
    2    2
  0.23652412   0.00000000    -0.00640976   0.00815287     0.00648102   0.00000000
 -0.00640976  -0.00815287     0.28959319   0.00000000    -0.00640976  -0.00815287
  0.00648102   0.00000000    -0.00640976   0.00815287     0.23652412   0.00000000

     Dynamical  Matrix in cartesian axes

     q = (   -0.250000000   0.750000000  -0.750000000 ) 

    1    1
  0.28959319  -0.00000000    -0.00640976   0.00815287     0.00640976  -0.00815287
 -0.00640976  -0.00815287     0.23652412  -0.00000000    -0.00648102   0.00000000
  0.00640976   0.00815287    -0.00648102   0.00000000     0.23652412  -0.00000000
    1    2
 -0.07895478   0.05992646    -0.03796548   0.03559576     0.03796548  -0.03559576
 -0.03796548   0.03559576    -0.06249274   0.06037063    -0.12136505  -0.03521879
  0.03796548  -0.03559576    -0.12136505  -0.03521879    -0.06249274   0.06037063
    2    1
 -0.07895478  -0.05992646    -0.03796548  -0.03559576     0.03796548   0.03559576
 -0.03796548  -0.03559576    -0.06249274  -0.06037063    -0.12136505   0.03521879
  0.03796548   0.03559576    -0.12136505   0.03521879    -0.06249274  -0.06037063
    2    2
  0.28959319   0.00000000    -0.00640976  -0.00815287     0.00640976   0.00815287
 -0.00640976   0.00815287     0.23652412   0.00000000    -0.00648102  -0.00000000
  0.00640976  -0.00815287    -0.00648102  -0.00000000     0.23652412   0.00000000

     Dynamical  Matrix in cartesian axes

     q = (   -0.750000000   0.750000000  -0.250000000 ) 

    1    1
  0.23652412  -0.00000000    -0.00648102   0.00000000     0.00640976   0.00815287
 -0.00648102   0.00000000     0.23652412  -0.00000000    -0.00640976  -0.00815287
  0.00640976  -0.00815287    -0.00640976   0.00815287     0.28959319  -0.00000000
    1    2
 -0.06249274   0.06037063    -0.12136505  -0.03521879     0.03796548  -0.03559576
 -0.12136505  -0.03521879    -0.06249274   0.06037063    -0.03796548   0.03559576
  0.03796548  -0.03559576    -0.03796548   0.03559576    -0.07895478   0.05992646
    2    1
 -0.06249274  -0.06037063    -0.12136505   0.03521879     0.03796548   0.03559576
 -0.12136505   0.03521879    -0.06249274  -0.06037063    -0.03796548  -0.03559576
  0.03796548   0.03559576    -0.03796548  -0.03559576    -0.07895478  -0.05992646
    2    2
  0.23652412   0.00000000    -0.00648102  -0.00000000     0.00640976  -0.00815287
 -0.00648102  -0.00000000     0.23652412   0.00000000    -0.00640976   0.00815287
  0.00640976   0.00815287    -0.00640976  -0.00815287     0.28959319   0.00000000

     Dynamical  Matrix in cartesian axes

     q = (    0.750000000   0.250000000   0.750000000 ) 

    1    1
  0.23652412   0.00000000     0.00640976   0.00815287     0.00648102   0.00000000
  0.00640976  -0.00815287     0.28959319   0.00000000     0.00640976  -0.00815287
  0.00648102   0.00000000     0.00640976   0.00815287     0.23652412   0.00000000
    1    2
  0.06249274  -0.06037063    -0.03796548   0.03559576    -0.12136505  -0.03521879
 -0.03796548   0.03559576     0.07895478  -0.05992646    -0.03796548   0.03559576
 -0.12136505  -0.03521879    -0.03796548   0.03559576     0.06249274  -0.06037063
    2    1
  0.06249274   0.06037063    -0.03796548  -0.03559576    -0.12136505   0.03521879
 -0.03796548  -0.03559576     0.07895478   0.05992646    -0.03796548  -0.03559576
 -0.12136505   0.03521879    -0.03796548  -0.03559576     0.06249274   0.06037063
    2    2
  0.23652412  -0.00000000     0.00640976  -0.00815287     0.00648102  -0.00000000
  0.00640976   0.00815287     0.28959319  -0.00000000     0.00640976   0.00815287
  0.00648102  -0.00000000     0.00640976  -0.00815287     0.23652412  -0.00000000

     Dynamical  Matrix in cartesian axes

     q = (   -0.750000000   0.250000000   0.750000000 ) 

    1    1
  0.23652412   0.00000000    -0.00640976   0.00815287    -0.00648102   0.00000000
 -0.00640976  -0.00815287     0.28959319   0.00000000     0.00640976   0.00815287
 -0.00648102   0.00000000     0.00640976  -0.00815287     0.23652412   0.00000000
    1    2
 -0.06249274  -0.06037063    -0.03796548  -0.03559576    -0.12136505   0.03521879
 -0.03796548  -0.03559576    -0.07895478  -0.05992646     0.03796548   0.03559576
 -0.12136505   0.03521879     0.03796548   0.03559576    -0.06249274  -0.06037063
    2    1
 -0.06249274   0.06037063    -0.03796548   0.03559576    -0.12136505  -0.03521879
 -0.03796548   0.03559576    -0.07895478   0.05992646     0.03796548  -0.03559576
 -0.12136505  -0.03521879     0.03796548  -0.03559576    -0.06249274   0.06037063
    2    2
  0.23652412   0.00000000    -0.00640976  -0.00815287    -0.00648102   0.00000000
 -0.00640976   0.00815287     0.28959319  -0.00000000     0.00640976  -0.00815287
 -0.00648102   0.00000000     0.00640976   0.00815287     0.23652412   0.00000000

     Dynamical  Matrix in cartesian axes

     q = (    0.750000000   0.250000000  -0.750000000 ) 

    1    1
  0.23652412   0.00000000     0.00640976  -0.00815287    -0.00648102   0.00000000
  0.00640976   0.00815287     0.28959319  -0.00000000    -0.00640976  -0.00815287
 -0.00648102   0.00000000    -0.00640976   0.00815287     0.23652412   0.00000000
    1    2
 -0.06249274  -0.06037063     0.03796548   0.03559576    -0.12136505   0.03521879
  0.03796548   0.03559576    -0.07895478  -0.05992646    -0.03796548  -0.03559576
 -0.12136505   0.03521879    -0.03796548  -0.03559576    -0.06249274  -0.06037063
    2    1
 -0.06249274   0.06037063     0.03796548  -0.03559576    -0.12136505  -0.03521879
  0.03796548  -0.03559576    -0.07895478   0.05992646    -0.03796548   0.03559576
 -0.12136505  -0.03521879    -0.03796548   0.03559576    -0.06249274   0.06037063
    2    2
  0.23652412   0.00000000     0.00640976   0.00815287    -0.00648102   0.00000000
  0.00640976  -0.00815287     0.28959319   0.00000000    -0.00640976   0.00815287
 -0.00648102   0.00000000    -0.00640976  -0.00815287     0.23652412   0.00000000

     Dynamical  Matrix in cartesian axes

     q = (   -0.750000000   0.750000000   0.250000000 ) 

    1    1
  0.23652412   0.00000000    -0.00648102  -0.00000000    -0.00640976   0.00815287
 -0.00648102  -0.00000000     0.23652412   0.00000000     0.00640976  -0.00815287
 -0.00640976  -0.00815287     0.00640976   0.00815287     0.28959319   0.00000000
    1    2
 -0.06249274  -0.06037063    -0.12136505   0.03521879    -0.03796548  -0.03559576
 -0.12136505   0.03521879    -0.06249274  -0.06037063     0.03796548   0.03559576
 -0.03796548  -0.03559576     0.03796548   0.03559576    -0.07895478  -0.05992646
    2    1
 -0.06249274   0.06037063    -0.12136505  -0.03521879    -0.03796548   0.03559576
 -0.12136505  -0.03521879    -0.06249274   0.06037063     0.03796548  -0.03559576
 -0.03796548   0.03559576     0.03796548  -0.03559576    -0.07895478   0.05992646
    2    2
  0.23652412  -0.00000000    -0.00648102   0.00000000    -0.00640976  -0.00815287
 -0.00648102   0.00000000     0.23652412  -0.00000000     0.00640976   0.00815287
 -0.00640976   0.00815287     0.00640976  -0.00815287     0.28959319  -0.00000000

     Dynamical  Matrix in cartesian axes

     q = (   -0.250000000   0.750000000   0.750000000 ) 

    1    1
  0.28959319   0.00000000    -0.00640976  -0.00815287    -0.00640976  -0.00815287
 -0.00640976   0.00815287     0.23652412   0.00000000     0.00648102  -0.00000000
 -0.00640976   0.00815287     0.00648102  -0.00000000     0.23652412   0.00000000
    1    2
 -0.05992646   0.07895478    -0.03559576   0.03796548    -0.03559576   0.03796548
 -0.03559576   0.03796548    -0.06037063   0.06249274    -0.03521879  -0.12136505
 -0.03559576   0.03796548    -0.03521879  -0.12136505    -0.06037063   0.06249274
    2    1
 -0.05992646  -0.07895478    -0.03559576  -0.03796548    -0.03559576  -0.03796548
 -0.03559576  -0.03796548    -0.06037063  -0.06249274    -0.03521879   0.12136505
 -0.03559576  -0.03796548    -0.03521879   0.12136505    -0.06037063  -0.06249274
    2    2
  0.28959319  -0.00000000    -0.00640976   0.00815287    -0.00640976   0.00815287
 -0.00640976  -0.00815287     0.23652412  -0.00000000     0.00648102   0.00000000
 -0.00640976  -0.00815287     0.00648102   0.00000000     0.23652412  -0.00000000

     Dynamical  Matrix in cartesian axes

     q = (    0.250000000   0.750000000  -0.750000000 ) 

    1    1
  0.28959319  -0.00000000     0.00640976   0.00815287    -0.00640976  -0.00815287
  0.00640976  -0.00815287     0.23652412  -0.00000000    -0.00648102   0.00000000
 -0.00640976   0.00815287    -0.00648102   0.00000000     0.23652412  -0.00000000
    1    2
 -0.07895478  -0.05992646     0.03796548   0.03559576    -0.03796548  -0.03559576
  0.03796548   0.03559576    -0.06249274  -0.06037063    -0.12136505   0.03521879
 -0.03796548  -0.03559576    -0.12136505   0.03521879    -0.06249274  -0.06037063
    2    1
 -0.07895478   0.05992646     0.03796548  -0.03559576    -0.03796548   0.03559576
  0.03796548  -0.03559576    -0.06249274   0.06037063    -0.12136505  -0.03521879
 -0.03796548   0.03559576    -0.12136505  -0.03521879    -0.06249274   0.06037063
    2    2
  0.28959319   0.00000000     0.00640976  -0.00815287    -0.00640976   0.00815287
  0.00640976   0.00815287     0.23652412   0.00000000    -0.00648102  -0.00000000
 -0.00640976  -0.00815287    -0.00648102  -0.00000000     0.23652412   0.00000000

     Dynamical  Matrix in cartesian axes

     q = (   -0.250000000  -0.750000000  -0.750000000 ) 

    1    1
  0.28959319  -0.00000000     0.00640976   0.00815287     0.00640976   0.00815287
  0.00640976  -0.00815287     0.23652412  -0.00000000     0.00648102   0.00000000
  0.00640976  -0.00815287     0.00648102   0.00000000     0.23652412  -0.00000000
    1    2
  0.07895478   0.05992646    -0.03796548  -0.03559576    -0.03796548  -0.03559576
 -0.03796548  -0.03559576     0.06249274   0.06037063    -0.12136505   0.03521879
 -0.03796548  -0.03559576    -0.12136505   0.03521879     0.06249274   0.06037063
    2    1
  0.07895478  -0.05992646    -0.03796548   0.03559576    -0.03796548   0.03559576
 -0.03796548   0.03559576     0.06249274  -0.06037063    -0.12136505  -0.03521879
 -0.03796548   0.03559576    -0.12136505  -0.03521879     0.06249274  -0.06037063
    2    2
  0.28959319   0.00000000     0.00640976  -0.00815287     0.00640976  -0.00815287
  0.00640976   0.00815287     0.23652412   0.00000000     0.00648102  -0.00000000
  0.00640976   0.00815287     0.00648102  -0.00000000     0.23652412   0.00000000

     Dynamical  Matrix in cartesian axes

     q = (    0.750000000   0.750000000  -0.250000000 ) 

    1    1
  0.23652412  -0.00000000     0.00648102  -0.00000000    -0.00640976   0.00815287
  0.00648102  -0.00000000     0.23652412  -0.00000000    -0.00640976   0.00815287
 -0.00640976  -0.00815287    -0.00640976  -0.00815287     0.28959319  -0.00000000
    1    2
 -0.06037063   0.06249274    -0.03521879  -0.12136505    -0.03559576   0.03796548
 -0.03521879  -0.12136505    -0.06037063   0.06249274    -0.03559576   0.03796548
 -0.03559576   0.03796548    -0.03559576   0.03796548    -0.05992646   0.07895478
    2    1
 -0.06037063  -0.06249274    -0.03521879   0.12136505    -0.03559576  -0.03796548
 -0.03521879   0.12136505    -0.06037063  -0.06249274    -0.03559576  -0.03796548
 -0.03559576  -0.03796548    -0.03559576  -0.03796548    -0.05992646  -0.07895478
    2    2
  0.23652412   0.00000000     0.00648102   0.00000000    -0.00640976  -0.00815287
  0.00648102   0.00000000     0.23652412   0.00000000    -0.00640976  -0.00815287
 -0.00640976   0.00815287    -0.00640976   0.00815287     0.28959319   0.00000000

     Dynamical  Matrix in cartesian axes

     q = (    0.750000000  -0.750000000   0.250000000 ) 

    1    1
  0.23652412   0.00000000    -0.00648102  -0.00000000     0.00640976  -0.00815287
 -0.00648102  -0.00000000     0.23652412   0.00000000    -0.00640976   0.00815287
  0.00640976   0.00815287    -0.00640976  -0.00815287     0.28959319   0.00000000
    1    2
 -0.06249274  -0.06037063    -0.12136505   0.03521879     0.03796548   0.03559576
 -0.12136505   0.03521879    -0.06249274  -0.06037063    -0.03796548  -0.03559576
  0.03796548   0.03559576    -0.03796548  -0.03559576    -0.07895478  -0.05992646
    2    1
 -0.06249274   0.06037063    -0.12136505  -0.03521879     0.03796548  -0.03559576
 -0.12136505  -0.03521879    -0.06249274   0.06037063    -0.03796548   0.03559576
  0.03796548  -0.03559576    -0.03796548   0.03559576    -0.07895478   0.05992646
    2    2
  0.23652412  -0.00000000    -0.00648102   0.00000000     0.00640976   0.00815287
 -0.00648102   0.00000000     0.23652412  -0.00000000    -0.00640976  -0.00815287
  0.00640976  -0.00815287    -0.00640976   0.00815287     0.28959319  -0.00000000

     Dynamical  Matrix in cartesian axes

     q = (   -0.750000000  -0.750000000  -0.250000000 ) 

    1    1
  0.23652412   0.00000000     0.00648102   0.00000000     0.00640976  -0.00815287
  0.00648102   0.00000000     0.23652412   0.00000000     0.00640976  -0.00815287
  0.00640976   0.00815287     0.00640976   0.00815287     0.28959319   0.00000000
    1    2
  0.06249274   0.06037063    -0.12136505   0.03521879    -0.03796548  -0.03559576
 -0.12136505   0.03521879     0.06249274   0.06037063    -0.03796548  -0.03559576
 -0.03796548  -0.03559576    -0.03796548  -0.03559576     0.07895478   0.05992646
    2    1
  0.06249274  -0.06037063    -0.12136505  -0.03521879    -0.03796548   0.03559576
 -0.12136505  -0.03521879     0.06249274  -0.06037063    -0.03796548   0.03559576
 -0.03796548   0.03559576    -0.03796548   0.03559576     0.07895478  -0.05992646
    2    2
  0.23652412  -0.00000000     0.00648102  -0.00000000     0.00640976   0.00815287
  0.00648102  -0.00000000     0.23652412  -0.00000000     0.00640976   0.00815287
  0.00640976  -0.00815287     0.00640976  -0.00815287     0.28959319  -0.00000000

     Dynamical  Matrix in cartesian axes

     q = (    0.250000000  -0.750000000   0.750000000 ) 

    1    1
  0.28959319   0.00000000    -0.00640976  -0.00815287     0.00640976   0.00815287
 -0.00640976   0.00815287     0.23652412   0.00000000    -0.00648102  -0.00000000
  0.00640976  -0.00815287    -0.00648102  -0.00000000     0.23652412   0.00000000
    1    2
 -0.07895478  -0.05992646    -0.03796548  -0.03559576     0.03796548   0.03559576
 -0.03796548  -0.03559576    -0.06249274  -0.06037063    -0.12136505   0.03521879
  0.03796548   0.03559576    -0.12136505   0.03521879    -0.06249274  -0.06037063
    2    1
 -0.07895478   0.05992646    -0.03796548   0.03559576     0.03796548  -0.03559576
 -0.03796548   0.03559576    -0.06249274   0.06037063    -0.12136505  -0.03521879
  0.03796548  -0.03559576    -0.12136505  -0.03521879    -0.06249274   0.06037063
    2    2
  0.28959319  -0.00000000    -0.00640976   0.00815287     0.00640976  -0.00815287
 -0.00640976  -0.00815287     0.23652412  -0.00000000    -0.00648102   0.00000000
  0.00640976   0.00815287    -0.00648102   0.00000000     0.23652412  -0.00000000

     Dynamical  Matrix in cartesian axes

     q = (   -0.750000000  -0.750000000   0.250000000 ) 

    1    1
  0.23652412   0.00000000     0.00648102   0.00000000    -0.00640976  -0.00815287
  0.00648102   0.00000000     0.23652412   0.00000000    -0.00640976  -0.00815287
 -0.00640976   0.00815287    -0.00640976   0.00815287     0.28959319   0.00000000
    1    2
 -0.06037063  -0.06249274    -0.03521879   0.12136505    -0.03559576  -0.03796548
 -0.03521879   0.12136505    -0.06037063  -0.06249274    -0.03559576  -0.03796548
 -0.03559576  -0.03796548    -0.03559576  -0.03796548    -0.05992646  -0.07895478
    2    1
 -0.06037063   0.06249274    -0.03521879  -0.12136505    -0.03559576   0.03796548
 -0.03521879  -0.12136505    -0.06037063   0.06249274    -0.03559576   0.03796548
 -0.03559576   0.03796548    -0.03559576   0.03796548    -0.05992646   0.07895478
    2    2
  0.23652412  -0.00000000     0.00648102  -0.00000000    -0.00640976   0.00815287
  0.00648102  -0.00000000     0.23652412  -0.00000000    -0.00640976   0.00815287
 -0.00640976  -0.00815287    -0.00640976  -0.00815287     0.28959319  -0.00000000

     Dynamical  Matrix in cartesian axes

     q = (    0.250000000   0.750000000   0.750000000 ) 

    1    1
  0.28959319   0.00000000     0.00640976  -0.00815287     0.00640976  -0.00815287
  0.00640976   0.00815287     0.23652412   0.00000000     0.00648102  -0.00000000
  0.00640976   0.00815287     0.00648102  -0.00000000     0.23652412   0.00000000
    1    2
  0.07895478  -0.05992646    -0.03796548   0.03559576    -0.03796548   0.03559576
 -0.03796548   0.03559576     0.06249274  -0.06037063    -0.12136505  -0.03521879
 -0.03796548   0.03559576    -0.12136505  -0.03521879     0.06249274  -0.06037063
    2    1
  0.07895478   0.05992646    -0.03796548  -0.03559576    -0.03796548  -0.03559576
 -0.03796548  -0.03559576     0.06249274   0.06037063    -0.12136505   0.03521879
 -0.03796548  -0.03559576    -0.12136505   0.03521879     0.06249274   0.06037063
    2    2
  0.28959319  -0.00000000     0.00640976   0.00815287     0.00640976   0.00815287
  0.00640976  -0.00815287     0.23652412  -0.00000000     0.00648102   0.00000000
  0.00640976  -0.00815287     0.00648102   0.00000000     0.23652412  -0.00000000

     Dynamical  Matrix in cartesian axes

     q = (   -0.250000000  -0.750000000   0.750000000 ) 

    1    1
  0.28959319   0.00000000     0.00640976  -0.00815287    -0.00640976   0.00815287
  0.00640976   0.00815287     0.23652412   0.00000000    -0.00648102  -0.00000000
 -0.00640976  -0.00815287    -0.00648102  -0.00000000     0.23652412   0.00000000
    1    2
 -0.07895478   0.05992646     0.03796548  -0.03559576    -0.03796548   0.03559576
  0.03796548  -0.03559576    -0.06249274   0.06037063    -0.12136505  -0.03521879
 -0.03796548   0.03559576    -0.12136505  -0.03521879    -0.06249274   0.06037063
    2    1
 -0.07895478  -0.05992646     0.03796548   0.03559576    -0.03796548  -0.03559576
  0.03796548   0.03559576    -0.06249274  -0.06037063    -0.12136505   0.03521879
 -0.03796548  -0.03559576    -0.12136505   0.03521879    -0.06249274  -0.06037063
    2    2
  0.28959319  -0.00000000     0.00640976   0.00815287    -0.00640976  -0.00815287
  0.00640976  -0.00815287     0.23652412  -0.00000000    -0.00648102   0.00000000
 -0.00640976   0.00815287    -0.00648102   0.00000000     0.23652412  -0.00000000

     Dynamical  Matrix in cartesian axes

     q = (    0.750000000   0.750000000   0.250000000 ) 

    1    1
  0.23652412  -0.00000000     0.00648102  -0.00000000     0.00640976   0.00815287
  0.00648102  -0.00000000     0.23652412  -0.00000000     0.00640976   0.00815287
  0.00640976  -0.00815287     0.00640976  -0.00815287     0.28959319  -0.00000000
    1    2
  0.06249274  -0.06037063    -0.12136505  -0.03521879    -0.03796548   0.03559576
 -0.12136505  -0.03521879     0.06249274  -0.06037063    -0.03796548   0.03559576
 -0.03796548   0.03559576    -0.03796548   0.03559576     0.07895478  -0.05992646
    2    1
  0.06249274   0.06037063    -0.12136505   0.03521879    -0.03796548  -0.03559576
 -0.12136505   0.03521879     0.06249274   0.06037063    -0.03796548  -0.03559576
 -0.03796548  -0.03559576    -0.03796548  -0.03559576     0.07895478   0.05992646
    2    2
  0.23652412   0.00000000     0.00648102   0.00000000     0.00640976  -0.00815287
  0.00648102   0.00000000     0.23652412   0.00000000     0.00640976  -0.00815287
  0.00640976   0.00815287     0.00640976   0.00815287     0.28959319   0.00000000

     Dynamical  Matrix in cartesian axes

     q = (    0.250000000  -0.750000000  -0.750000000 ) 

    1    1
  0.28959319  -0.00000000    -0.00640976   0.00815287    -0.00640976   0.00815287
 -0.00640976  -0.00815287     0.23652412  -0.00000000     0.00648102   0.00000000
 -0.00640976  -0.00815287     0.00648102   0.00000000     0.23652412  -0.00000000
    1    2
 -0.05992646  -0.07895478    -0.03559576  -0.03796548    -0.03559576  -0.03796548
 -0.03559576  -0.03796548    -0.06037063  -0.06249274    -0.03521879   0.12136505
 -0.03559576  -0.03796548    -0.03521879   0.12136505    -0.06037063  -0.06249274
    2    1
 -0.05992646   0.07895478    -0.03559576   0.03796548    -0.03559576   0.03796548
 -0.03559576   0.03796548    -0.06037063   0.06249274    -0.03521879  -0.12136505
 -0.03559576   0.03796548    -0.03521879  -0.12136505    -0.06037063   0.06249274
    2    2
  0.28959319   0.00000000    -0.00640976  -0.00815287    -0.00640976  -0.00815287
 -0.00640976   0.00815287     0.23652412   0.00000000     0.00648102  -0.00000000
 -0.00640976   0.00815287     0.00648102  -0.00000000     0.23652412   0.00000000

     Dynamical  Matrix in cartesian axes

     q = (    0.750000000  -0.750000000  -0.250000000 ) 

    1    1
  0.23652412  -0.00000000    -0.00648102   0.00000000    -0.00640976  -0.00815287
 -0.00648102   0.00000000     0.23652412  -0.00000000     0.00640976   0.00815287
 -0.00640976   0.00815287     0.00640976  -0.00815287     0.28959319  -0.00000000
    1    2
 -0.06249274   0.06037063    -0.12136505  -0.03521879    -0.03796548   0.03559576
 -0.12136505  -0.03521879    -0.06249274   0.06037063     0.03796548  -0.03559576
 -0.03796548   0.03559576     0.03796548  -0.03559576    -0.07895478   0.05992646
    2    1
 -0.06249274  -0.06037063    -0.12136505   0.03521879    -0.03796548  -0.03559576
 -0.12136505   0.03521879    -0.06249274  -0.06037063     0.03796548   0.03559576
 -0.03796548  -0.03559576     0.03796548   0.03559576    -0.07895478  -0.05992646
    2    2
  0.23652412   0.00000000    -0.00648102  -0.00000000    -0.00640976   0.00815287
 -0.00648102  -0.00000000     0.23652412   0.00000000     0.00640976  -0.00815287
 -0.00640976  -0.00815287     0.00640976   0.00815287     0.28959319   0.00000000

     Diagonalizing the dynamical matrix

     q = (    0.750000000  -0.250000000   0.750000000 ) 

 **************************************************************************
     freq (    1) =       4.336234 [THz] =     144.641207 [cm-1]
 (  0.067769 -0.495386  0.000000 -0.000000 -0.067769  0.495386 ) 
 (  0.500000  0.000000 -0.000000  0.000000 -0.500000  0.000000 ) 
     freq (    2) =       6.181527 [THz] =     206.193554 [cm-1]
 (  0.399834  0.122478  0.353993 -0.157965  0.399834  0.122478 ) 
 (  0.418172  0.000000  0.292203  0.254718  0.418172  0.000000 ) 
     freq (    3) =       9.263111 [THz] =     308.984120 [cm-1]
 ( -0.062545  0.311904 -0.422474 -0.345143 -0.062545  0.311904 ) 
 (  0.318113 -0.000000 -0.255343 -0.482087  0.318113  0.000000 ) 
     freq (    4) =      11.835425 [THz] =     394.787292 [cm-1]
 ( -0.156986 -0.314472  0.408672  0.293109 -0.156986 -0.314472 ) 
 (  0.351478  0.000000 -0.444779 -0.234729  0.351478  0.000000 ) 
     freq (    5) =      13.255917 [THz] =     442.169781 [cm-1]
 ( -0.067769  0.495386  0.000000 -0.000000  0.067769 -0.495386 ) 
 (  0.500000  0.000000 -0.000000 -0.000000 -0.500000  0.000000 ) 
     freq (    6) =      13.647940 [THz] =     455.246273 [cm-1]
 (  0.290750  0.125948  0.496359 -0.229850  0.290750  0.125948 ) 
 ( -0.316857 -0.000000 -0.364098 -0.408210 -0.316857  0.000000 ) 
 **************************************************************************
