Dynamical matrix file
                                                                           
  1    2  2 10.2000000  0.0000000  0.0000000  0.0000000  0.0000000  0.0000000
           1  'Si  '    25598.822984527003     
    1    1      0.0000000000      0.0000000000      0.0000000000
    2    1      0.2500000000      0.2500000000      0.2500000000

     Dynamical  Matrix in cartesian axes

     q = (   -0.333333333   0.333333333  -0.333333333 ) 

    1    1
  0.00736432  0.00000000   -0.37323609  0.00000000    0.37323609  0.00000000
 -0.37323609  0.00000000    0.00736432  0.00000000   -0.37323609  0.00000000
  0.37323609  0.00000000   -0.37323609  0.00000000    0.00736432  0.00000000
    1    2
  0.13905807 -0.22992832    0.00996852  0.03899185   -0.00996852 -0.03899185
  0.00996852  0.03899185    0.13905807 -0.22992832    0.00996852  0.03899185
 -0.00996852 -0.03899185    0.00996852  0.03899185    0.13905807 -0.22992832
    2    1
  0.13905807  0.22992832    0.00996852 -0.03899185   -0.00996852  0.03899185
  0.00996852 -0.03899185    0.13905807  0.22992832    0.00996852 -0.03899185
 -0.00996852  0.03899185    0.00996852 -0.03899185    0.13905807  0.22992832
    2    2
  0.00736432  0.00000000   -0.37323609  0.00000000    0.37323609  0.00000000
 -0.37323609  0.00000000    0.00736432  0.00000000   -0.37323609  0.00000000
  0.37323609  0.00000000   -0.37323609  0.00000000    0.00736432  0.00000000

     Dynamical  Matrix in cartesian axes

     q = (    0.333333333   0.333333333  -0.333333333 ) 

    1    1
  0.00736432  0.00000000    0.37323609  0.00000000   -0.37323609  0.00000000
  0.37323609  0.00000000    0.00736432  0.00000000   -0.37323609  0.00000000
 -0.37323609  0.00000000   -0.37323609  0.00000000    0.00736432  0.00000000
    1    2
  0.13905807  0.22992832   -0.00996852  0.03899185    0.00996852 -0.03899185
 -0.00996852  0.03899185    0.13905807  0.22992832    0.00996852 -0.03899185
  0.00996852 -0.03899185    0.00996852 -0.03899185    0.13905807  0.22992832
    2    1
  0.13905807 -0.22992832   -0.00996852 -0.03899185    0.00996852  0.03899185
 -0.00996852 -0.03899185    0.13905807 -0.22992832    0.00996852  0.03899185
  0.00996852  0.03899185    0.00996852  0.03899185    0.13905807 -0.22992832
    2    2
  0.00736432  0.00000000    0.37323609  0.00000000   -0.37323609  0.00000000
  0.37323609  0.00000000    0.00736432  0.00000000   -0.37323609  0.00000000
 -0.37323609  0.00000000   -0.37323609  0.00000000    0.00736432  0.00000000

     Dynamical  Matrix in cartesian axes

     q = (    0.333333333   0.333333333   0.333333333 ) 

    1    1
  0.00736432  0.00000000    0.37323609  0.00000000    0.37323609  0.00000000
  0.37323609  0.00000000    0.00736432  0.00000000    0.37323609  0.00000000
  0.37323609  0.00000000    0.37323609  0.00000000    0.00736432  0.00000000
    1    2
 -0.26865280 -0.00546366   -0.02878367  0.02812892   -0.02878367  0.02812892
 -0.02878367  0.02812892   -0.26865280 -0.00546366   -0.02878367  0.02812892
 -0.02878367  0.02812892   -0.02878367  0.02812892   -0.26865280 -0.00546366
    2    1
 -0.26865280  0.00546366   -0.02878367 -0.02812892   -0.02878367 -0.02812892
 -0.02878367 -0.02812892   -0.26865280  0.00546366   -0.02878367 -0.02812892
 -0.02878367 -0.02812892   -0.02878367 -0.02812892   -0.26865280  0.00546366
    2    2
  0.00736432  0.00000000    0.37323609  0.00000000    0.37323609  0.00000000
  0.37323609  0.00000000    0.00736432  0.00000000    0.37323609  0.00000000
  0.37323609  0.00000000    0.37323609  0.00000000    0.00736432  0.00000000

     Dynamical  Matrix in cartesian axes

     q = (   -0.333333333   0.333333333   0.333333333 ) 

    1    1
  0.00736432  0.00000000   -0.37323609  0.00000000   -0.37323609  0.00000000
 -0.37323609  0.00000000    0.00736432  0.00000000    0.37323609  0.00000000
 -0.37323609  0.00000000    0.37323609  0.00000000    0.00736432  0.00000000
    1    2
  0.13905807  0.22992832    0.00996852 -0.03899185    0.00996852 -0.03899185
  0.00996852 -0.03899185    0.13905807  0.22992832   -0.00996852  0.03899185
  0.00996852 -0.03899185   -0.00996852  0.03899185    0.13905807  0.22992832
    2    1
  0.13905807 -0.22992832    0.00996852  0.03899185    0.00996852  0.03899185
  0.00996852  0.03899185    0.13905807 -0.22992832   -0.00996852 -0.03899185
  0.00996852  0.03899185   -0.00996852 -0.03899185    0.13905807 -0.22992832
    2    2
  0.00736432  0.00000000   -0.37323609  0.00000000   -0.37323609  0.00000000
 -0.37323609  0.00000000    0.00736432  0.00000000    0.37323609  0.00000000
 -0.37323609  0.00000000    0.37323609  0.00000000    0.00736432  0.00000000

     Dynamical  Matrix in cartesian axes

     q = (    0.333333333  -0.333333333   0.333333333 ) 

    1    1
  0.00736432  0.00000000   -0.37323609  0.00000000    0.37323609  0.00000000
 -0.37323609  0.00000000    0.00736432  0.00000000   -0.37323609  0.00000000
  0.37323609  0.00000000   -0.37323609  0.00000000    0.00736432  0.00000000
    1    2
  0.13905807  0.22992832    0.00996852 -0.03899185   -0.00996852  0.03899185
  0.00996852 -0.03899185    0.13905807  0.22992832    0.00996852 -0.03899185
 -0.00996852  0.03899185    0.00996852 -0.03899185    0.13905807  0.22992832
    2    1
  0.13905807 -0.22992832    0.00996852  0.03899185   -0.00996852 -0.03899185
  0.00996852  0.03899185    0.13905807 -0.22992832    0.00996852  0.03899185
 -0.00996852 -0.03899185    0.00996852  0.03899185    0.13905807 -0.22992832
    2    2
  0.00736432  0.00000000   -0.37323609  0.00000000    0.37323609  0.00000000
 -0.37323609  0.00000000    0.00736432  0.00000000   -0.37323609  0.00000000
  0.37323609  0.00000000   -0.37323609  0.00000000    0.00736432  0.00000000

     Dynamical  Matrix in cartesian axes

     q = (   -0.333333333  -0.333333333  -0.333333333 ) 

    1    1
  0.00736432  0.00000000    0.37323609  0.00000000    0.37323609  0.00000000
  0.37323609  0.00000000    0.00736432  0.00000000    0.37323609  0.00000000
  0.37323609  0.00000000    0.37323609  0.00000000    0.00736432  0.00000000
    1    2
 -0.26865280  0.00546366   -0.02878367 -0.02812892   -0.02878367 -0.02812892
 -0.02878367 -0.02812892   -0.26865280  0.00546366   -0.02878367 -0.02812892
 -0.02878367 -0.02812892   -0.02878367 -0.02812892   -0.26865280  0.00546366
    2    1
 -0.26865280 -0.00546366   -0.02878367  0.02812892   -0.02878367  0.02812892
 -0.02878367  0.02812892   -0.26865280 -0.00546366   -0.02878367  0.02812892
 -0.02878367  0.02812892   -0.02878367  0.02812892   -0.26865280 -0.00546366
    2    2
  0.00736432  0.00000000    0.37323609  0.00000000    0.37323609  0.00000000
  0.37323609  0.00000000    0.00736432  0.00000000    0.37323609  0.00000000
  0.37323609  0.00000000    0.37323609  0.00000000    0.00736432  0.00000000

     Dynamical  Matrix in cartesian axes

     q = (    0.333333333  -0.333333333  -0.333333333 ) 

    1    1
  0.00736432  0.00000000   -0.37323609  0.00000000   -0.37323609  0.00000000
 -0.37323609  0.00000000    0.00736432  0.00000000    0.37323609  0.00000000
 -0.37323609  0.00000000    0.37323609  0.00000000    0.00736432  0.00000000
    1    2
  0.13905807 -0.22992832    0.00996852  0.03899185    0.00996852  0.03899185
  0.00996852  0.03899185    0.13905807 -0.22992832   -0.00996852 -0.03899185
  0.00996852  0.03899185   -0.00996852 -0.03899185    0.13905807 -0.22992832
    2    1
  0.13905807  0.22992832    0.00996852 -0.03899185    0.00996852 -0.03899185
  0.00996852 -0.03899185    0.13905807  0.22992832   -0.00996852  0.03899185
  0.00996852 -0.03899185   -0.00996852  0.03899185    0.13905807  0.22992832
    2    2
  0.00736432  0.00000000   -0.37323609  0.00000000   -0.37323609  0.00000000
 -0.37323609  0.00000000    0.00736432  0.00000000    0.37323609  0.00000000
 -0.37323609  0.00000000    0.37323609  0.00000000    0.00736432  0.00000000

     Dynamical  Matrix in cartesian axes

     q = (   -0.333333333  -0.333333333   0.333333333 ) 

    1    1
  0.00736432  0.00000000    0.37323609  0.00000000   -0.37323609  0.00000000
  0.37323609  0.00000000    0.00736432  0.00000000   -0.37323609  0.00000000
 -0.37323609  0.00000000   -0.37323609  0.00000000    0.00736432  0.00000000
    1    2
  0.13905807 -0.22992832   -0.00996852 -0.03899185    0.00996852  0.03899185
 -0.00996852 -0.03899185    0.13905807 -0.22992832    0.00996852  0.03899185
  0.00996852  0.03899185    0.00996852  0.03899185    0.13905807 -0.22992832
    2    1
  0.13905807  0.22992832   -0.00996852  0.03899185    0.00996852 -0.03899185
 -0.00996852  0.03899185    0.13905807  0.22992832    0.00996852 -0.03899185
  0.00996852 -0.03899185    0.00996852 -0.03899185    0.13905807  0.22992832
    2    2
  0.00736432  0.00000000    0.37323609  0.00000000   -0.37323609  0.00000000
  0.37323609  0.00000000    0.00736432  0.00000000   -0.37323609  0.00000000
 -0.37323609  0.00000000   -0.37323609  0.00000000    0.00736432  0.00000000

     Diagonalizing the dynamical matrix

     q = (   -0.333333333   0.333333333  -0.333333333 ) 

 **************************************************************************
     freq (    1) =     -16.034153 [THz] =    -534.841758 [cm-1]
 ( -0.231018  0.304428  0.117132 -0.141630  0.348150 -0.446058 ) 
 (  0.382124 -0.005194 -0.183717 -0.005194 -0.565841  0.000000 ) 
     freq (    2) =     -16.034153 [THz] =    -534.841758 [cm-1]
 (  0.245608 -0.356321  0.316184 -0.446746  0.070577 -0.090425 ) 
 ( -0.432009  0.025622 -0.546716  0.025622 -0.114707  0.000000 ) 
     freq (    3) =      -7.230742 [THz] =    -241.191590 [cm-1]
 (  0.376739 -0.402616  0.297731 -0.301389 -0.079008  0.101227 ) 
 (  0.549186  0.049266  0.420775  0.049266 -0.128410  0.000000 ) 
     freq (    4) =      -7.230742 [THz] =    -241.191590 [cm-1]
 ( -0.096234  0.141564  0.250099 -0.302167  0.346334 -0.443731 ) 
 ( -0.170807  0.011239  0.392082  0.011239  0.562889  0.000000 ) 
     freq (    5) =      13.384029 [THz] =     446.443157 [cm-1]
 (  0.147299 -0.380749 -0.147299  0.380749  0.147299 -0.380749 ) 
 ( -0.408248  0.000000  0.408248 -0.000000 -0.408248  0.000000 ) 
     freq (    6) =      21.408052 [THz] =     714.095758 [cm-1]
 ( -0.147299  0.380749  0.147299 -0.380749 -0.147299  0.380749 ) 
 ( -0.408248 -0.000000  0.408248  0.000000 -0.408248  0.000000 ) 
 **************************************************************************
