Dynamical matrix file
Ph                                                                         
  1    2  2 10.2000000  0.0000000  0.0000000  0.0000000  0.0000000  0.0000000
           1  'Si  '    25598.8229845270     
    1    1      0.0000000000      0.0000000000      0.0000000000
    2    1      0.2500000000      0.2500000000      0.2500000000

     Dynamical  Matrix in cartesian axes

     q = (   -0.250000000   0.250000000  -0.250000000 ) 

    1    1
  0.28348862  0.00000000   -0.01300269  0.00000000    0.01300269  0.00000000
 -0.01300269  0.00000000    0.28348862  0.00000000   -0.01300269  0.00000000
  0.01300269  0.00000000   -0.01300269  0.00000000    0.28348862  0.00000000
    1    2
 -0.21217791 -0.06473592   -0.03886665  0.04068304    0.03886665 -0.04068304
 -0.03886665  0.04068304   -0.21217791 -0.06473592   -0.03886665  0.04068304
  0.03886665 -0.04068304   -0.03886665  0.04068304   -0.21217791 -0.06473592
    2    1
 -0.21217791  0.06473592   -0.03886665 -0.04068304    0.03886665  0.04068304
 -0.03886665 -0.04068304   -0.21217791  0.06473592   -0.03886665 -0.04068304
  0.03886665  0.04068304   -0.03886665 -0.04068304   -0.21217791  0.06473592
    2    2
  0.28348862  0.00000000   -0.01300269  0.00000000    0.01300269  0.00000000
 -0.01300269  0.00000000    0.28348862  0.00000000   -0.01300269  0.00000000
  0.01300269  0.00000000   -0.01300269  0.00000000    0.28348862  0.00000000

     Dynamical  Matrix in cartesian axes

     q = (    0.250000000  -0.250000000  -0.250000000 ) 

    1    1
  0.28348862  0.00000000   -0.01300269  0.00000000   -0.01300269  0.00000000
 -0.01300269  0.00000000    0.28348862  0.00000000    0.01300269  0.00000000
 -0.01300269  0.00000000    0.01300269  0.00000000    0.28348862  0.00000000
    1    2
 -0.21217791 -0.06473592   -0.03886665  0.04068304   -0.03886665  0.04068304
 -0.03886665  0.04068304   -0.21217791 -0.06473592    0.03886665 -0.04068304
 -0.03886665  0.04068304    0.03886665 -0.04068304   -0.21217791 -0.06473592
    2    1
 -0.21217791  0.06473592   -0.03886665 -0.04068304   -0.03886665 -0.04068304
 -0.03886665 -0.04068304   -0.21217791  0.06473592    0.03886665  0.04068304
 -0.03886665 -0.04068304    0.03886665  0.04068304   -0.21217791  0.06473592
    2    2
  0.28348862  0.00000000   -0.01300269  0.00000000   -0.01300269  0.00000000
 -0.01300269  0.00000000    0.28348862  0.00000000    0.01300269  0.00000000
 -0.01300269  0.00000000    0.01300269  0.00000000    0.28348862  0.00000000

     Dynamical  Matrix in cartesian axes

     q = (    0.250000000  -0.250000000   0.250000000 ) 

    1    1
  0.28348862  0.00000000   -0.01300269  0.00000000    0.01300269  0.00000000
 -0.01300269  0.00000000    0.28348862  0.00000000   -0.01300269  0.00000000
  0.01300269  0.00000000   -0.01300269  0.00000000    0.28348862  0.00000000
    1    2
 -0.21217791  0.06473592   -0.03886665 -0.04068304    0.03886665  0.04068304
 -0.03886665 -0.04068304   -0.21217791  0.06473592   -0.03886665 -0.04068304
  0.03886665  0.04068304   -0.03886665 -0.04068304   -0.21217791  0.06473592
    2    1
 -0.21217791 -0.06473592   -0.03886665  0.04068304    0.03886665 -0.04068304
 -0.03886665  0.04068304   -0.21217791 -0.06473592   -0.03886665  0.04068304
  0.03886665 -0.04068304   -0.03886665  0.04068304   -0.21217791 -0.06473592
    2    2
  0.28348862  0.00000000   -0.01300269  0.00000000    0.01300269  0.00000000
 -0.01300269  0.00000000    0.28348862  0.00000000   -0.01300269  0.00000000
  0.01300269  0.00000000   -0.01300269  0.00000000    0.28348862  0.00000000

     Dynamical  Matrix in cartesian axes

     q = (    0.250000000   0.250000000   0.250000000 ) 

    1    1
  0.28348862  0.00000000    0.01300269  0.00000000    0.01300269  0.00000000
  0.01300269  0.00000000    0.28348862  0.00000000    0.01300269  0.00000000
  0.01300269  0.00000000    0.01300269  0.00000000    0.28348862  0.00000000
    1    2
 -0.06473592  0.21217791   -0.04068304 -0.03886665   -0.04068304 -0.03886665
 -0.04068304 -0.03886665   -0.06473592  0.21217791   -0.04068304 -0.03886665
 -0.04068304 -0.03886665   -0.04068304 -0.03886665   -0.06473592  0.21217791
    2    1
 -0.06473592 -0.21217791   -0.04068304  0.03886665   -0.04068304  0.03886665
 -0.04068304  0.03886665   -0.06473592 -0.21217791   -0.04068304  0.03886665
 -0.04068304  0.03886665   -0.04068304  0.03886665   -0.06473592 -0.21217791
    2    2
  0.28348862  0.00000000    0.01300269  0.00000000    0.01300269  0.00000000
  0.01300269  0.00000000    0.28348862  0.00000000    0.01300269  0.00000000
  0.01300269  0.00000000    0.01300269  0.00000000    0.28348862  0.00000000

     Dynamical  Matrix in cartesian axes

     q = (   -0.250000000  -0.250000000  -0.250000000 ) 

    1    1
  0.28348862  0.00000000    0.01300269  0.00000000    0.01300269  0.00000000
  0.01300269  0.00000000    0.28348862  0.00000000    0.01300269  0.00000000
  0.01300269  0.00000000    0.01300269  0.00000000    0.28348862  0.00000000
    1    2
 -0.06473592 -0.21217791   -0.04068304  0.03886665   -0.04068304  0.03886665
 -0.04068304  0.03886665   -0.06473592 -0.21217791   -0.04068304  0.03886665
 -0.04068304  0.03886665   -0.04068304  0.03886665   -0.06473592 -0.21217791
    2    1
 -0.06473592  0.21217791   -0.04068304 -0.03886665   -0.04068304 -0.03886665
 -0.04068304 -0.03886665   -0.06473592  0.21217791   -0.04068304 -0.03886665
 -0.04068304 -0.03886665   -0.04068304 -0.03886665   -0.06473592  0.21217791
    2    2
  0.28348862  0.00000000    0.01300269  0.00000000    0.01300269  0.00000000
  0.01300269  0.00000000    0.28348862  0.00000000    0.01300269  0.00000000
  0.01300269  0.00000000    0.01300269  0.00000000    0.28348862  0.00000000

     Dynamical  Matrix in cartesian axes

     q = (   -0.250000000  -0.250000000   0.250000000 ) 

    1    1
  0.28348862  0.00000000    0.01300269  0.00000000   -0.01300269  0.00000000
  0.01300269  0.00000000    0.28348862  0.00000000   -0.01300269  0.00000000
 -0.01300269  0.00000000   -0.01300269  0.00000000    0.28348862  0.00000000
    1    2
 -0.21217791 -0.06473592    0.03886665 -0.04068304   -0.03886665  0.04068304
  0.03886665 -0.04068304   -0.21217791 -0.06473592   -0.03886665  0.04068304
 -0.03886665  0.04068304   -0.03886665  0.04068304   -0.21217791 -0.06473592
    2    1
 -0.21217791  0.06473592    0.03886665  0.04068304   -0.03886665 -0.04068304
  0.03886665  0.04068304   -0.21217791  0.06473592   -0.03886665 -0.04068304
 -0.03886665 -0.04068304   -0.03886665 -0.04068304   -0.21217791  0.06473592
    2    2
  0.28348862  0.00000000    0.01300269  0.00000000   -0.01300269  0.00000000
  0.01300269  0.00000000    0.28348862  0.00000000   -0.01300269  0.00000000
 -0.01300269  0.00000000   -0.01300269  0.00000000    0.28348862  0.00000000

     Dynamical  Matrix in cartesian axes

     q = (   -0.250000000   0.250000000   0.250000000 ) 

    1    1
  0.28348862  0.00000000   -0.01300269  0.00000000   -0.01300269  0.00000000
 -0.01300269  0.00000000    0.28348862  0.00000000    0.01300269  0.00000000
 -0.01300269  0.00000000    0.01300269  0.00000000    0.28348862  0.00000000
    1    2
 -0.21217791  0.06473592   -0.03886665 -0.04068304   -0.03886665 -0.04068304
 -0.03886665 -0.04068304   -0.21217791  0.06473592    0.03886665  0.04068304
 -0.03886665 -0.04068304    0.03886665  0.04068304   -0.21217791  0.06473592
    2    1
 -0.21217791 -0.06473592   -0.03886665  0.04068304   -0.03886665  0.04068304
 -0.03886665  0.04068304   -0.21217791 -0.06473592    0.03886665 -0.04068304
 -0.03886665  0.04068304    0.03886665 -0.04068304   -0.21217791 -0.06473592
    2    2
  0.28348862  0.00000000   -0.01300269  0.00000000   -0.01300269  0.00000000
 -0.01300269  0.00000000    0.28348862  0.00000000    0.01300269  0.00000000
 -0.01300269  0.00000000    0.01300269  0.00000000    0.28348862  0.00000000

     Dynamical  Matrix in cartesian axes

     q = (    0.250000000   0.250000000  -0.250000000 ) 

    1    1
  0.28348862  0.00000000    0.01300269  0.00000000   -0.01300269  0.00000000
  0.01300269  0.00000000    0.28348862  0.00000000   -0.01300269  0.00000000
 -0.01300269  0.00000000   -0.01300269  0.00000000    0.28348862  0.00000000
    1    2
 -0.21217791  0.06473592    0.03886665  0.04068304   -0.03886665 -0.04068304
  0.03886665  0.04068304   -0.21217791  0.06473592   -0.03886665 -0.04068304
 -0.03886665 -0.04068304   -0.03886665 -0.04068304   -0.21217791  0.06473592
    2    1
 -0.21217791 -0.06473592    0.03886665 -0.04068304   -0.03886665  0.04068304
  0.03886665 -0.04068304   -0.21217791 -0.06473592   -0.03886665  0.04068304
 -0.03886665  0.04068304   -0.03886665  0.04068304   -0.21217791 -0.06473592
    2    2
  0.28348862  0.00000000    0.01300269  0.00000000   -0.01300269  0.00000000
  0.01300269  0.00000000    0.28348862  0.00000000   -0.01300269  0.00000000
 -0.01300269  0.00000000   -0.01300269  0.00000000    0.28348862  0.00000000

     Diagonalizing the dynamical matrix

     q = (   -0.250000000   0.250000000  -0.250000000 ) 

 **************************************************************************
     freq (    1) =       2.780945 [THz] =      92.762355 [cm-1]
 (  0.064917 -0.032243  0.527699  0.012097  0.462782  0.044340 ) 
 (  0.061546 -0.038287  0.526448 -0.038287  0.464901  0.000000 ) 
     freq (    2) =       2.780945 [THz] =      92.762355 [cm-1]
 ( -0.572776 -0.002647 -0.231992  0.030004  0.340784  0.032651 ) 
 ( -0.570418  0.051994 -0.228072  0.051994  0.342345  0.000000 ) 
     freq (    3) =       6.848913 [THz] =     228.455142 [cm-1]
 (  0.276441  0.300411 -0.276441 -0.300411  0.276441  0.300411 ) 
 (  0.408248 -0.000000 -0.408248  0.000000  0.408248  0.000000 ) 
     freq (    4) =      14.655974 [THz] =     488.870655 [cm-1]
 (  0.276441  0.300411 -0.276441 -0.300411  0.276441  0.300411 ) 
 ( -0.408248  0.000000  0.408248  0.000000 -0.408248  0.000000 ) 
     freq (    5) =      14.865620 [THz] =     495.863718 [cm-1]
 ( -0.462700  0.073857  0.047883  0.122776  0.510582  0.048919 ) 
 (  0.453546 -0.117650 -0.059374 -0.117650 -0.512920  0.000000 ) 
     freq (    6) =      14.865620 [THz] =     495.863718 [cm-1]
 ( -0.269474  0.202907 -0.533305  0.177629 -0.263831 -0.025278 ) 
 (  0.248893 -0.227683  0.513933 -0.227683  0.265040  0.000000 ) 
 **************************************************************************
