Dynamical matrix file
                                                                           
  1    2  2 10.2000000  0.0000000  0.0000000  0.0000000  0.0000000  0.0000000
           1  'Si  '    25598.822984527003     
    1    1      0.0000000000      0.0000000000      0.0000000000
    2    1      0.2500000000      0.2500000000      0.2500000000

     Dynamical  Matrix in cartesian axes

     q = (   -0.250000000   0.250000000  -0.250000000 ) 

    1    1
  0.28348868 -0.00000000   -0.01300273  0.00000000    0.01300273 -0.00000000
 -0.01300273  0.00000000    0.28348868 -0.00000000   -0.01300273  0.00000000
  0.01300273 -0.00000000   -0.01300273  0.00000000    0.28348868 -0.00000000
    1    2
 -0.21217796 -0.06473609   -0.03886660  0.04068321    0.03886660 -0.04068321
 -0.03886660  0.04068321   -0.21217796 -0.06473609   -0.03886660  0.04068321
  0.03886660 -0.04068321   -0.03886660  0.04068321   -0.21217796 -0.06473609
    2    1
 -0.21217796  0.06473609   -0.03886660 -0.04068321    0.03886660  0.04068321
 -0.03886660 -0.04068321   -0.21217796  0.06473609   -0.03886660 -0.04068321
  0.03886660  0.04068321   -0.03886660 -0.04068321   -0.21217796  0.06473609
    2    2
  0.28348868  0.00000000   -0.01300273 -0.00000000    0.01300273  0.00000000
 -0.01300273 -0.00000000    0.28348868  0.00000000   -0.01300273 -0.00000000
  0.01300273  0.00000000   -0.01300273 -0.00000000    0.28348868  0.00000000

     Dynamical  Matrix in cartesian axes

     q = (    0.250000000  -0.250000000  -0.250000000 ) 

    1    1
  0.28348868 -0.00000000   -0.01300273  0.00000000   -0.01300273  0.00000000
 -0.01300273  0.00000000    0.28348868 -0.00000000    0.01300273 -0.00000000
 -0.01300273  0.00000000    0.01300273 -0.00000000    0.28348868 -0.00000000
    1    2
 -0.21217796 -0.06473609   -0.03886660  0.04068321   -0.03886660  0.04068321
 -0.03886660  0.04068321   -0.21217796 -0.06473609    0.03886660 -0.04068321
 -0.03886660  0.04068321    0.03886660 -0.04068321   -0.21217796 -0.06473609
    2    1
 -0.21217796  0.06473609   -0.03886660 -0.04068321   -0.03886660 -0.04068321
 -0.03886660 -0.04068321   -0.21217796  0.06473609    0.03886660  0.04068321
 -0.03886660 -0.04068321    0.03886660  0.04068321   -0.21217796  0.06473609
    2    2
  0.28348868  0.00000000   -0.01300273 -0.00000000   -0.01300273 -0.00000000
 -0.01300273 -0.00000000    0.28348868  0.00000000    0.01300273  0.00000000
 -0.01300273 -0.00000000    0.01300273  0.00000000    0.28348868  0.00000000

     Dynamical  Matrix in cartesian axes

     q = (    0.250000000  -0.250000000   0.250000000 ) 

    1    1
  0.28348868  0.00000000   -0.01300273 -0.00000000    0.01300273  0.00000000
 -0.01300273 -0.00000000    0.28348868  0.00000000   -0.01300273 -0.00000000
  0.01300273  0.00000000   -0.01300273 -0.00000000    0.28348868  0.00000000
    1    2
 -0.21217796  0.06473609   -0.03886660 -0.04068321    0.03886660  0.04068321
 -0.03886660 -0.04068321   -0.21217796  0.06473609   -0.03886660 -0.04068321
  0.03886660  0.04068321   -0.03886660 -0.04068321   -0.21217796  0.06473609
    2    1
 -0.21217796 -0.06473609   -0.03886660  0.04068321    0.03886660 -0.04068321
 -0.03886660  0.04068321   -0.21217796 -0.06473609   -0.03886660  0.04068321
  0.03886660 -0.04068321   -0.03886660  0.04068321   -0.21217796 -0.06473609
    2    2
  0.28348868 -0.00000000   -0.01300273  0.00000000    0.01300273 -0.00000000
 -0.01300273  0.00000000    0.28348868 -0.00000000   -0.01300273  0.00000000
  0.01300273 -0.00000000   -0.01300273  0.00000000    0.28348868 -0.00000000

     Dynamical  Matrix in cartesian axes

     q = (    0.250000000   0.250000000   0.250000000 ) 

    1    1
  0.28348868 -0.00000000    0.01300273 -0.00000000    0.01300273 -0.00000000
  0.01300273 -0.00000000    0.28348868 -0.00000000    0.01300273 -0.00000000
  0.01300273 -0.00000000    0.01300273 -0.00000000    0.28348868 -0.00000000
    1    2
 -0.06473609  0.21217796   -0.04068321 -0.03886660   -0.04068321 -0.03886660
 -0.04068321 -0.03886660   -0.06473609  0.21217796   -0.04068321 -0.03886660
 -0.04068321 -0.03886660   -0.04068321 -0.03886660   -0.06473609  0.21217796
    2    1
 -0.06473609 -0.21217796   -0.04068321  0.03886660   -0.04068321  0.03886660
 -0.04068321  0.03886660   -0.06473609 -0.21217796   -0.04068321  0.03886660
 -0.04068321  0.03886660   -0.04068321  0.03886660   -0.06473609 -0.21217796
    2    2
  0.28348868  0.00000000    0.01300273  0.00000000    0.01300273  0.00000000
  0.01300273  0.00000000    0.28348868  0.00000000    0.01300273  0.00000000
  0.01300273  0.00000000    0.01300273  0.00000000    0.28348868  0.00000000

     Dynamical  Matrix in cartesian axes

     q = (   -0.250000000  -0.250000000  -0.250000000 ) 

    1    1
  0.28348868  0.00000000    0.01300273  0.00000000    0.01300273  0.00000000
  0.01300273  0.00000000    0.28348868  0.00000000    0.01300273  0.00000000
  0.01300273  0.00000000    0.01300273  0.00000000    0.28348868  0.00000000
    1    2
 -0.06473609 -0.21217796   -0.04068321  0.03886660   -0.04068321  0.03886660
 -0.04068321  0.03886660   -0.06473609 -0.21217796   -0.04068321  0.03886660
 -0.04068321  0.03886660   -0.04068321  0.03886660   -0.06473609 -0.21217796
    2    1
 -0.06473609  0.21217796   -0.04068321 -0.03886660   -0.04068321 -0.03886660
 -0.04068321 -0.03886660   -0.06473609  0.21217796   -0.04068321 -0.03886660
 -0.04068321 -0.03886660   -0.04068321 -0.03886660   -0.06473609  0.21217796
    2    2
  0.28348868 -0.00000000    0.01300273 -0.00000000    0.01300273 -0.00000000
  0.01300273 -0.00000000    0.28348868 -0.00000000    0.01300273 -0.00000000
  0.01300273 -0.00000000    0.01300273 -0.00000000    0.28348868 -0.00000000

     Dynamical  Matrix in cartesian axes

     q = (   -0.250000000  -0.250000000   0.250000000 ) 

    1    1
  0.28348868 -0.00000000    0.01300273 -0.00000000   -0.01300273  0.00000000
  0.01300273 -0.00000000    0.28348868 -0.00000000   -0.01300273  0.00000000
 -0.01300273  0.00000000   -0.01300273  0.00000000    0.28348868 -0.00000000
    1    2
 -0.21217796 -0.06473609    0.03886660 -0.04068321   -0.03886660  0.04068321
  0.03886660 -0.04068321   -0.21217796 -0.06473609   -0.03886660  0.04068321
 -0.03886660  0.04068321   -0.03886660  0.04068321   -0.21217796 -0.06473609
    2    1
 -0.21217796  0.06473609    0.03886660  0.04068321   -0.03886660 -0.04068321
  0.03886660  0.04068321   -0.21217796  0.06473609   -0.03886660 -0.04068321
 -0.03886660 -0.04068321   -0.03886660 -0.04068321   -0.21217796  0.06473609
    2    2
  0.28348868  0.00000000    0.01300273  0.00000000   -0.01300273 -0.00000000
  0.01300273  0.00000000    0.28348868  0.00000000   -0.01300273 -0.00000000
 -0.01300273 -0.00000000   -0.01300273 -0.00000000    0.28348868  0.00000000

     Dynamical  Matrix in cartesian axes

     q = (   -0.250000000   0.250000000   0.250000000 ) 

    1    1
  0.28348868  0.00000000   -0.01300273 -0.00000000   -0.01300273 -0.00000000
 -0.01300273 -0.00000000    0.28348868  0.00000000    0.01300273  0.00000000
 -0.01300273 -0.00000000    0.01300273  0.00000000    0.28348868  0.00000000
    1    2
 -0.21217796  0.06473609   -0.03886660 -0.04068321   -0.03886660 -0.04068321
 -0.03886660 -0.04068321   -0.21217796  0.06473609    0.03886660  0.04068321
 -0.03886660 -0.04068321    0.03886660  0.04068321   -0.21217796  0.06473609
    2    1
 -0.21217796 -0.06473609   -0.03886660  0.04068321   -0.03886660  0.04068321
 -0.03886660  0.04068321   -0.21217796 -0.06473609    0.03886660 -0.04068321
 -0.03886660  0.04068321    0.03886660 -0.04068321   -0.21217796 -0.06473609
    2    2
  0.28348868 -0.00000000   -0.01300273  0.00000000   -0.01300273  0.00000000
 -0.01300273  0.00000000    0.28348868 -0.00000000    0.01300273 -0.00000000
 -0.01300273  0.00000000    0.01300273 -0.00000000    0.28348868 -0.00000000

     Dynamical  Matrix in cartesian axes

     q = (    0.250000000   0.250000000  -0.250000000 ) 

    1    1
  0.28348868  0.00000000    0.01300273  0.00000000   -0.01300273 -0.00000000
  0.01300273  0.00000000    0.28348868  0.00000000   -0.01300273 -0.00000000
 -0.01300273 -0.00000000   -0.01300273 -0.00000000    0.28348868  0.00000000
    1    2
 -0.21217796  0.06473609    0.03886660  0.04068321   -0.03886660 -0.04068321
  0.03886660  0.04068321   -0.21217796  0.06473609   -0.03886660 -0.04068321
 -0.03886660 -0.04068321   -0.03886660 -0.04068321   -0.21217796  0.06473609
    2    1
 -0.21217796 -0.06473609    0.03886660 -0.04068321   -0.03886660  0.04068321
  0.03886660 -0.04068321   -0.21217796 -0.06473609   -0.03886660  0.04068321
 -0.03886660  0.04068321   -0.03886660  0.04068321   -0.21217796 -0.06473609
    2    2
  0.28348868 -0.00000000    0.01300273 -0.00000000   -0.01300273  0.00000000
  0.01300273 -0.00000000    0.28348868 -0.00000000   -0.01300273  0.00000000
 -0.01300273  0.00000000   -0.01300273  0.00000000    0.28348868 -0.00000000

     Diagonalizing the dynamical matrix

     q = (   -0.250000000   0.250000000  -0.250000000 ) 

 **************************************************************************
     freq (    1) =       2.780947 [THz] =      92.762409 [cm-1]
 (  0.529338 -0.137707  0.402766 -0.149834 -0.126572 -0.012127 ) 
 (  0.513791 -0.187565  0.386640 -0.187565 -0.127152  0.000000 ) 
     freq (    2) =       2.780947 [THz] =      92.762409 [cm-1]
 (  0.175080  0.059316 -0.385527  0.005604 -0.560607 -0.053712 ) 
 (  0.179939  0.042348 -0.383235  0.042348 -0.563175  0.000000 ) 
     freq (    3) =       6.848902 [THz] =     228.454791 [cm-1]
 (  0.276441  0.300411 -0.276441 -0.300411  0.276441  0.300411 ) 
 (  0.408248 -0.000000 -0.408248  0.000000  0.408248  0.000000 ) 
     freq (    4) =      14.655982 [THz] =     488.870953 [cm-1]
 (  0.276441  0.300411 -0.276441 -0.300411  0.276441  0.300411 ) 
 ( -0.408248 -0.000000  0.408248  0.000000 -0.408248  0.000000 ) 
     freq (    5) =      14.865620 [THz] =     495.863722 [cm-1]
 ( -0.473225  0.175586 -0.462515  0.176612  0.010710  0.001026 ) 
 (  0.454321 -0.219919  0.443562 -0.219919 -0.010759  0.000000 ) 
     freq (    6) =      14.865620 [THz] =     495.863722 [cm-1]
 (  0.278589  0.030810 -0.296030 -0.024245 -0.574619 -0.055055 ) 
 ( -0.280257 -0.004099  0.296993 -0.004099  0.577250  0.000000 ) 
 **************************************************************************
