Dynamical matrix file
                                                                           
  1    2  2 10.2000000  0.0000000  0.0000000  0.0000000  0.0000000  0.0000000
           1  'Si  '    25598.8229845270     
    1    1      0.0000000000      0.0000000000      0.0000000000
    2    1      0.2500000000      0.2500000000      0.2500000000

     Dynamical  Matrix in cartesian axes

     q = (   -0.250000000   0.250000000  -0.250000000 ) 

    1    1
  0.28348863  0.00000000   -0.01300268  0.00000000    0.01300268  0.00000000
 -0.01300268  0.00000000    0.28348863  0.00000000   -0.01300268  0.00000000
  0.01300268  0.00000000   -0.01300268  0.00000000    0.28348863  0.00000000
    1    2
 -0.21217799 -0.06473607   -0.03886657  0.04068320    0.03886657 -0.04068320
 -0.03886657  0.04068320   -0.21217799 -0.06473607   -0.03886657  0.04068320
  0.03886657 -0.04068320   -0.03886657  0.04068320   -0.21217799 -0.06473607
    2    1
 -0.21217799  0.06473607   -0.03886657 -0.04068320    0.03886657  0.04068320
 -0.03886657 -0.04068320   -0.21217799  0.06473607   -0.03886657 -0.04068320
  0.03886657  0.04068320   -0.03886657 -0.04068320   -0.21217799  0.06473607
    2    2
  0.28348863  0.00000000   -0.01300268  0.00000000    0.01300268  0.00000000
 -0.01300268  0.00000000    0.28348863  0.00000000   -0.01300268  0.00000000
  0.01300268  0.00000000   -0.01300268  0.00000000    0.28348863  0.00000000

     Dynamical  Matrix in cartesian axes

     q = (    0.250000000  -0.250000000  -0.250000000 ) 

    1    1
  0.28348863  0.00000000   -0.01300268  0.00000000   -0.01300268  0.00000000
 -0.01300268  0.00000000    0.28348863  0.00000000    0.01300268  0.00000000
 -0.01300268  0.00000000    0.01300268  0.00000000    0.28348863  0.00000000
    1    2
 -0.21217799 -0.06473607   -0.03886657  0.04068320   -0.03886657  0.04068320
 -0.03886657  0.04068320   -0.21217799 -0.06473607    0.03886657 -0.04068320
 -0.03886657  0.04068320    0.03886657 -0.04068320   -0.21217799 -0.06473607
    2    1
 -0.21217799  0.06473607   -0.03886657 -0.04068320   -0.03886657 -0.04068320
 -0.03886657 -0.04068320   -0.21217799  0.06473607    0.03886657  0.04068320
 -0.03886657 -0.04068320    0.03886657  0.04068320   -0.21217799  0.06473607
    2    2
  0.28348863  0.00000000   -0.01300268  0.00000000   -0.01300268  0.00000000
 -0.01300268  0.00000000    0.28348863  0.00000000    0.01300268  0.00000000
 -0.01300268  0.00000000    0.01300268  0.00000000    0.28348863  0.00000000

     Dynamical  Matrix in cartesian axes

     q = (    0.250000000  -0.250000000   0.250000000 ) 

    1    1
  0.28348863  0.00000000   -0.01300268  0.00000000    0.01300268  0.00000000
 -0.01300268  0.00000000    0.28348863  0.00000000   -0.01300268  0.00000000
  0.01300268  0.00000000   -0.01300268  0.00000000    0.28348863  0.00000000
    1    2
 -0.21217799  0.06473607   -0.03886657 -0.04068320    0.03886657  0.04068320
 -0.03886657 -0.04068320   -0.21217799  0.06473607   -0.03886657 -0.04068320
  0.03886657  0.04068320   -0.03886657 -0.04068320   -0.21217799  0.06473607
    2    1
 -0.21217799 -0.06473607   -0.03886657  0.04068320    0.03886657 -0.04068320
 -0.03886657  0.04068320   -0.21217799 -0.06473607   -0.03886657  0.04068320
  0.03886657 -0.04068320   -0.03886657  0.04068320   -0.21217799 -0.06473607
    2    2
  0.28348863  0.00000000   -0.01300268  0.00000000    0.01300268  0.00000000
 -0.01300268  0.00000000    0.28348863  0.00000000   -0.01300268  0.00000000
  0.01300268  0.00000000   -0.01300268  0.00000000    0.28348863  0.00000000

     Dynamical  Matrix in cartesian axes

     q = (    0.250000000   0.250000000   0.250000000 ) 

    1    1
  0.28348863  0.00000000    0.01300268  0.00000000    0.01300268  0.00000000
  0.01300268  0.00000000    0.28348863  0.00000000    0.01300268  0.00000000
  0.01300268  0.00000000    0.01300268  0.00000000    0.28348863  0.00000000
    1    2
 -0.06473607  0.21217799   -0.04068320 -0.03886657   -0.04068320 -0.03886657
 -0.04068320 -0.03886657   -0.06473607  0.21217799   -0.04068320 -0.03886657
 -0.04068320 -0.03886657   -0.04068320 -0.03886657   -0.06473607  0.21217799
    2    1
 -0.06473607 -0.21217799   -0.04068320  0.03886657   -0.04068320  0.03886657
 -0.04068320  0.03886657   -0.06473607 -0.21217799   -0.04068320  0.03886657
 -0.04068320  0.03886657   -0.04068320  0.03886657   -0.06473607 -0.21217799
    2    2
  0.28348863  0.00000000    0.01300268  0.00000000    0.01300268  0.00000000
  0.01300268  0.00000000    0.28348863  0.00000000    0.01300268  0.00000000
  0.01300268  0.00000000    0.01300268  0.00000000    0.28348863  0.00000000

     Dynamical  Matrix in cartesian axes

     q = (   -0.250000000  -0.250000000  -0.250000000 ) 

    1    1
  0.28348863  0.00000000    0.01300268  0.00000000    0.01300268  0.00000000
  0.01300268  0.00000000    0.28348863  0.00000000    0.01300268  0.00000000
  0.01300268  0.00000000    0.01300268  0.00000000    0.28348863  0.00000000
    1    2
 -0.06473607 -0.21217799   -0.04068320  0.03886657   -0.04068320  0.03886657
 -0.04068320  0.03886657   -0.06473607 -0.21217799   -0.04068320  0.03886657
 -0.04068320  0.03886657   -0.04068320  0.03886657   -0.06473607 -0.21217799
    2    1
 -0.06473607  0.21217799   -0.04068320 -0.03886657   -0.04068320 -0.03886657
 -0.04068320 -0.03886657   -0.06473607  0.21217799   -0.04068320 -0.03886657
 -0.04068320 -0.03886657   -0.04068320 -0.03886657   -0.06473607  0.21217799
    2    2
  0.28348863  0.00000000    0.01300268  0.00000000    0.01300268  0.00000000
  0.01300268  0.00000000    0.28348863  0.00000000    0.01300268  0.00000000
  0.01300268  0.00000000    0.01300268  0.00000000    0.28348863  0.00000000

     Dynamical  Matrix in cartesian axes

     q = (   -0.250000000  -0.250000000   0.250000000 ) 

    1    1
  0.28348863  0.00000000    0.01300268  0.00000000   -0.01300268  0.00000000
  0.01300268  0.00000000    0.28348863  0.00000000   -0.01300268  0.00000000
 -0.01300268  0.00000000   -0.01300268  0.00000000    0.28348863  0.00000000
    1    2
 -0.21217799 -0.06473607    0.03886657 -0.04068320   -0.03886657  0.04068320
  0.03886657 -0.04068320   -0.21217799 -0.06473607   -0.03886657  0.04068320
 -0.03886657  0.04068320   -0.03886657  0.04068320   -0.21217799 -0.06473607
    2    1
 -0.21217799  0.06473607    0.03886657  0.04068320   -0.03886657 -0.04068320
  0.03886657  0.04068320   -0.21217799  0.06473607   -0.03886657 -0.04068320
 -0.03886657 -0.04068320   -0.03886657 -0.04068320   -0.21217799  0.06473607
    2    2
  0.28348863  0.00000000    0.01300268  0.00000000   -0.01300268  0.00000000
  0.01300268  0.00000000    0.28348863  0.00000000   -0.01300268  0.00000000
 -0.01300268  0.00000000   -0.01300268  0.00000000    0.28348863  0.00000000

     Dynamical  Matrix in cartesian axes

     q = (   -0.250000000   0.250000000   0.250000000 ) 

    1    1
  0.28348863  0.00000000   -0.01300268  0.00000000   -0.01300268  0.00000000
 -0.01300268  0.00000000    0.28348863  0.00000000    0.01300268  0.00000000
 -0.01300268  0.00000000    0.01300268  0.00000000    0.28348863  0.00000000
    1    2
 -0.21217799  0.06473607   -0.03886657 -0.04068320   -0.03886657 -0.04068320
 -0.03886657 -0.04068320   -0.21217799  0.06473607    0.03886657  0.04068320
 -0.03886657 -0.04068320    0.03886657  0.04068320   -0.21217799  0.06473607
    2    1
 -0.21217799 -0.06473607   -0.03886657  0.04068320   -0.03886657  0.04068320
 -0.03886657  0.04068320   -0.21217799 -0.06473607    0.03886657 -0.04068320
 -0.03886657  0.04068320    0.03886657 -0.04068320   -0.21217799 -0.06473607
    2    2
  0.28348863  0.00000000   -0.01300268  0.00000000   -0.01300268  0.00000000
 -0.01300268  0.00000000    0.28348863  0.00000000    0.01300268  0.00000000
 -0.01300268  0.00000000    0.01300268  0.00000000    0.28348863  0.00000000

     Dynamical  Matrix in cartesian axes

     q = (    0.250000000   0.250000000  -0.250000000 ) 

    1    1
  0.28348863  0.00000000    0.01300268  0.00000000   -0.01300268  0.00000000
  0.01300268  0.00000000    0.28348863  0.00000000   -0.01300268  0.00000000
 -0.01300268  0.00000000   -0.01300268  0.00000000    0.28348863  0.00000000
    1    2
 -0.21217799  0.06473607    0.03886657  0.04068320   -0.03886657 -0.04068320
  0.03886657  0.04068320   -0.21217799  0.06473607   -0.03886657 -0.04068320
 -0.03886657 -0.04068320   -0.03886657 -0.04068320   -0.21217799  0.06473607
    2    1
 -0.21217799 -0.06473607    0.03886657 -0.04068320   -0.03886657  0.04068320
  0.03886657 -0.04068320   -0.21217799 -0.06473607   -0.03886657  0.04068320
 -0.03886657  0.04068320   -0.03886657  0.04068320   -0.21217799 -0.06473607
    2    2
  0.28348863  0.00000000    0.01300268  0.00000000   -0.01300268  0.00000000
  0.01300268  0.00000000    0.28348863  0.00000000   -0.01300268  0.00000000
 -0.01300268  0.00000000   -0.01300268  0.00000000    0.28348863  0.00000000

     Diagonalizing the dynamical matrix

     q = (   -0.250000000   0.250000000  -0.250000000 ) 

 **************************************************************************
     freq (    1) =       2.780947 [THz] =      92.762422 [cm-1]
 ( -0.223071  0.016729 -0.571799 -0.016683 -0.348727 -0.033412 ) 
 ( -0.220459  0.037928 -0.570783  0.037928 -0.350324  0.000000 ) 
     freq (    2) =       2.780947 [THz] =      92.762422 [cm-1]
 (  0.531803  0.021867  0.074977 -0.021902 -0.456826 -0.043769 ) 
 (  0.531464 -0.028953  0.072546 -0.028953 -0.458918  0.000000 ) 
     freq (    3) =       6.848897 [THz] =     228.454628 [cm-1]
 (  0.276441  0.300411 -0.276441 -0.300411  0.276441  0.300411 ) 
 (  0.408248 -0.000000 -0.408248  0.000000  0.408248  0.000000 ) 
     freq (    4) =      14.655981 [THz] =     488.870901 [cm-1]
 (  0.276441  0.300411 -0.276441 -0.300411  0.276441  0.300411 ) 
 ( -0.408248  0.000000  0.408248  0.000000 -0.408248  0.000000 ) 
     freq (    5) =      14.865620 [THz] =     495.863720 [cm-1]
 ( -0.510120  0.217175 -0.311358  0.236219  0.198762  0.019044 ) 
 (  0.487082 -0.264837  0.287410 -0.264837 -0.199672  0.000000 ) 
     freq (    6) =      14.865620 [THz] =     495.863720 [cm-1]
 ( -0.118234 -0.109391  0.421020 -0.057724  0.539254  0.051667 ) 
 (  0.128128  0.097616 -0.413596  0.097616 -0.541723  0.000000 ) 
 **************************************************************************
