Dynamical matrix file
Ph                                                                         
  1    2  2 10.2000000  0.0000000  0.0000000  0.0000000  0.0000000  0.0000000
           1  'Si  '    25598.822984527003     
    1    1      0.0000000000      0.0000000000      0.0000000000
    2    1      0.2500000000      0.2500000000      0.2500000000

     Dynamical  Matrix in cartesian axes

     q = (   -0.250000000   0.250000000  -0.250000000 ) 

    1    1
  0.28348854  0.00000000   -0.01300260 -0.00000000    0.01300260  0.00000000
 -0.01300260 -0.00000000    0.28348854  0.00000000   -0.01300260 -0.00000000
  0.01300260  0.00000000   -0.01300260 -0.00000000    0.28348854  0.00000000
    1    2
 -0.21217796 -0.06473551   -0.03886661  0.04068263    0.03886661 -0.04068263
 -0.03886661  0.04068263   -0.21217796 -0.06473551   -0.03886661  0.04068263
  0.03886661 -0.04068263   -0.03886661  0.04068263   -0.21217796 -0.06473551
    2    1
 -0.21217796  0.06473551   -0.03886661 -0.04068263    0.03886661  0.04068263
 -0.03886661 -0.04068263   -0.21217796  0.06473551   -0.03886661 -0.04068263
  0.03886661  0.04068263   -0.03886661 -0.04068263   -0.21217796  0.06473551
    2    2
  0.28348854 -0.00000000   -0.01300260  0.00000000    0.01300260 -0.00000000
 -0.01300260  0.00000000    0.28348854 -0.00000000   -0.01300260  0.00000000
  0.01300260 -0.00000000   -0.01300260  0.00000000    0.28348854 -0.00000000

     Dynamical  Matrix in cartesian axes

     q = (    0.250000000  -0.250000000  -0.250000000 ) 

    1    1
  0.28348854  0.00000000   -0.01300260 -0.00000000   -0.01300260 -0.00000000
 -0.01300260 -0.00000000    0.28348854  0.00000000    0.01300260  0.00000000
 -0.01300260 -0.00000000    0.01300260  0.00000000    0.28348854  0.00000000
    1    2
 -0.21217796 -0.06473551   -0.03886661  0.04068263   -0.03886661  0.04068263
 -0.03886661  0.04068263   -0.21217796 -0.06473551    0.03886661 -0.04068263
 -0.03886661  0.04068263    0.03886661 -0.04068263   -0.21217796 -0.06473551
    2    1
 -0.21217796  0.06473551   -0.03886661 -0.04068263   -0.03886661 -0.04068263
 -0.03886661 -0.04068263   -0.21217796  0.06473551    0.03886661  0.04068263
 -0.03886661 -0.04068263    0.03886661  0.04068263   -0.21217796  0.06473551
    2    2
  0.28348854 -0.00000000   -0.01300260  0.00000000   -0.01300260  0.00000000
 -0.01300260  0.00000000    0.28348854 -0.00000000    0.01300260 -0.00000000
 -0.01300260  0.00000000    0.01300260 -0.00000000    0.28348854 -0.00000000

     Dynamical  Matrix in cartesian axes

     q = (    0.250000000  -0.250000000   0.250000000 ) 

    1    1
  0.28348854 -0.00000000   -0.01300260  0.00000000    0.01300260 -0.00000000
 -0.01300260  0.00000000    0.28348854 -0.00000000   -0.01300260  0.00000000
  0.01300260 -0.00000000   -0.01300260  0.00000000    0.28348854 -0.00000000
    1    2
 -0.21217796  0.06473551   -0.03886661 -0.04068263    0.03886661  0.04068263
 -0.03886661 -0.04068263   -0.21217796  0.06473551   -0.03886661 -0.04068263
  0.03886661  0.04068263   -0.03886661 -0.04068263   -0.21217796  0.06473551
    2    1
 -0.21217796 -0.06473551   -0.03886661  0.04068263    0.03886661 -0.04068263
 -0.03886661  0.04068263   -0.21217796 -0.06473551   -0.03886661  0.04068263
  0.03886661 -0.04068263   -0.03886661  0.04068263   -0.21217796 -0.06473551
    2    2
  0.28348854  0.00000000   -0.01300260 -0.00000000    0.01300260  0.00000000
 -0.01300260 -0.00000000    0.28348854  0.00000000   -0.01300260 -0.00000000
  0.01300260  0.00000000   -0.01300260 -0.00000000    0.28348854  0.00000000

     Dynamical  Matrix in cartesian axes

     q = (    0.250000000   0.250000000   0.250000000 ) 

    1    1
  0.28348854  0.00000000    0.01300260  0.00000000    0.01300260  0.00000000
  0.01300260  0.00000000    0.28348854  0.00000000    0.01300260  0.00000000
  0.01300260  0.00000000    0.01300260  0.00000000    0.28348854  0.00000000
    1    2
 -0.06473551  0.21217796   -0.04068263 -0.03886661   -0.04068263 -0.03886661
 -0.04068263 -0.03886661   -0.06473551  0.21217796   -0.04068263 -0.03886661
 -0.04068263 -0.03886661   -0.04068263 -0.03886661   -0.06473551  0.21217796
    2    1
 -0.06473551 -0.21217796   -0.04068263  0.03886661   -0.04068263  0.03886661
 -0.04068263  0.03886661   -0.06473551 -0.21217796   -0.04068263  0.03886661
 -0.04068263  0.03886661   -0.04068263  0.03886661   -0.06473551 -0.21217796
    2    2
  0.28348854 -0.00000000    0.01300260 -0.00000000    0.01300260 -0.00000000
  0.01300260 -0.00000000    0.28348854 -0.00000000    0.01300260 -0.00000000
  0.01300260 -0.00000000    0.01300260 -0.00000000    0.28348854 -0.00000000

     Dynamical  Matrix in cartesian axes

     q = (   -0.250000000  -0.250000000  -0.250000000 ) 

    1    1
  0.28348854 -0.00000000    0.01300260 -0.00000000    0.01300260 -0.00000000
  0.01300260 -0.00000000    0.28348854 -0.00000000    0.01300260 -0.00000000
  0.01300260 -0.00000000    0.01300260 -0.00000000    0.28348854 -0.00000000
    1    2
 -0.06473551 -0.21217796   -0.04068263  0.03886661   -0.04068263  0.03886661
 -0.04068263  0.03886661   -0.06473551 -0.21217796   -0.04068263  0.03886661
 -0.04068263  0.03886661   -0.04068263  0.03886661   -0.06473551 -0.21217796
    2    1
 -0.06473551  0.21217796   -0.04068263 -0.03886661   -0.04068263 -0.03886661
 -0.04068263 -0.03886661   -0.06473551  0.21217796   -0.04068263 -0.03886661
 -0.04068263 -0.03886661   -0.04068263 -0.03886661   -0.06473551  0.21217796
    2    2
  0.28348854  0.00000000    0.01300260  0.00000000    0.01300260  0.00000000
  0.01300260  0.00000000    0.28348854  0.00000000    0.01300260  0.00000000
  0.01300260  0.00000000    0.01300260  0.00000000    0.28348854  0.00000000

     Dynamical  Matrix in cartesian axes

     q = (   -0.250000000  -0.250000000   0.250000000 ) 

    1    1
  0.28348854  0.00000000    0.01300260  0.00000000   -0.01300260 -0.00000000
  0.01300260  0.00000000    0.28348854  0.00000000   -0.01300260 -0.00000000
 -0.01300260 -0.00000000   -0.01300260 -0.00000000    0.28348854  0.00000000
    1    2
 -0.21217796 -0.06473551    0.03886661 -0.04068263   -0.03886661  0.04068263
  0.03886661 -0.04068263   -0.21217796 -0.06473551   -0.03886661  0.04068263
 -0.03886661  0.04068263   -0.03886661  0.04068263   -0.21217796 -0.06473551
    2    1
 -0.21217796  0.06473551    0.03886661  0.04068263   -0.03886661 -0.04068263
  0.03886661  0.04068263   -0.21217796  0.06473551   -0.03886661 -0.04068263
 -0.03886661 -0.04068263   -0.03886661 -0.04068263   -0.21217796  0.06473551
    2    2
  0.28348854 -0.00000000    0.01300260 -0.00000000   -0.01300260  0.00000000
  0.01300260 -0.00000000    0.28348854 -0.00000000   -0.01300260  0.00000000
 -0.01300260  0.00000000   -0.01300260  0.00000000    0.28348854 -0.00000000

     Dynamical  Matrix in cartesian axes

     q = (   -0.250000000   0.250000000   0.250000000 ) 

    1    1
  0.28348854 -0.00000000   -0.01300260  0.00000000   -0.01300260  0.00000000
 -0.01300260  0.00000000    0.28348854 -0.00000000    0.01300260 -0.00000000
 -0.01300260  0.00000000    0.01300260 -0.00000000    0.28348854 -0.00000000
    1    2
 -0.21217796  0.06473551   -0.03886661 -0.04068263   -0.03886661 -0.04068263
 -0.03886661 -0.04068263   -0.21217796  0.06473551    0.03886661  0.04068263
 -0.03886661 -0.04068263    0.03886661  0.04068263   -0.21217796  0.06473551
    2    1
 -0.21217796 -0.06473551   -0.03886661  0.04068263   -0.03886661  0.04068263
 -0.03886661  0.04068263   -0.21217796 -0.06473551    0.03886661 -0.04068263
 -0.03886661  0.04068263    0.03886661 -0.04068263   -0.21217796 -0.06473551
    2    2
  0.28348854  0.00000000   -0.01300260 -0.00000000   -0.01300260 -0.00000000
 -0.01300260 -0.00000000    0.28348854  0.00000000    0.01300260  0.00000000
 -0.01300260 -0.00000000    0.01300260  0.00000000    0.28348854  0.00000000

     Dynamical  Matrix in cartesian axes

     q = (    0.250000000   0.250000000  -0.250000000 ) 

    1    1
  0.28348854 -0.00000000    0.01300260 -0.00000000   -0.01300260  0.00000000
  0.01300260 -0.00000000    0.28348854 -0.00000000   -0.01300260  0.00000000
 -0.01300260  0.00000000   -0.01300260  0.00000000    0.28348854 -0.00000000
    1    2
 -0.21217796  0.06473551    0.03886661  0.04068263   -0.03886661 -0.04068263
  0.03886661  0.04068263   -0.21217796  0.06473551   -0.03886661 -0.04068263
 -0.03886661 -0.04068263   -0.03886661 -0.04068263   -0.21217796  0.06473551
    2    1
 -0.21217796 -0.06473551    0.03886661 -0.04068263   -0.03886661  0.04068263
  0.03886661 -0.04068263   -0.21217796 -0.06473551   -0.03886661  0.04068263
 -0.03886661  0.04068263   -0.03886661  0.04068263   -0.21217796 -0.06473551
    2    2
  0.28348854  0.00000000    0.01300260  0.00000000   -0.01300260 -0.00000000
  0.01300260  0.00000000    0.28348854  0.00000000   -0.01300260 -0.00000000
 -0.01300260 -0.00000000   -0.01300260 -0.00000000    0.28348854  0.00000000

     Diagonalizing the dynamical matrix

     q = (   -0.250000000   0.250000000  -0.250000000 ) 

 **************************************************************************
     freq (    1) =       2.780945 [THz] =      92.762341 [cm-1]
 (  0.173309 -0.018451 -0.385864 -0.072026 -0.559173 -0.053575 ) 
 (  0.170759 -0.034896 -0.390975 -0.034896 -0.561734  0.000000 ) 
     freq (    2) =       2.780945 [THz] =      92.762341 [cm-1]
 (  0.513995  0.196890  0.381229  0.184170 -0.132766 -0.012720 ) 
 (  0.530431  0.146971  0.397057  0.146971 -0.133374  0.000000 ) 
     freq (    3) =       6.848930 [THz] =     228.455712 [cm-1]
 ( -0.276443 -0.300410  0.276443  0.300410 -0.276443 -0.300410 ) 
 ( -0.408248 -0.000000  0.408248 -0.000000 -0.408248  0.000000 ) 
     freq (    4) =      14.655958 [THz] =     488.870138 [cm-1]
 ( -0.276443 -0.300410  0.276443  0.300410 -0.276443 -0.300410 ) 
 (  0.408248 -0.000000 -0.408248  0.000000  0.408248  0.000000 ) 
     freq (    5) =      14.865620 [THz] =     495.863724 [cm-1]
 ( -0.257120 -0.015510  0.316422  0.039442  0.573542  0.054952 ) 
 (  0.257428 -0.009084 -0.318741 -0.009084 -0.576169  0.000000 ) 
     freq (    6) =      14.865620 [THz] =     495.863724 [cm-1]
 ( -0.481092 -0.188500 -0.444340 -0.184979  0.036752  0.003521 ) 
 (  0.496877  0.141757  0.459956  0.141757 -0.036921  0.000000 ) 
 **************************************************************************
