Dynamical matrix file
                                                                           
  1    2  2 10.2000000  0.0000000  0.0000000  0.0000000  0.0000000  0.0000000
           1  'Si  '    25598.822984527003     
    1    1      0.0000000000      0.0000000000      0.0000000000
    2    1      0.2500000000      0.2500000000      0.2500000000

     Dynamical  Matrix in cartesian axes

     q = (    0.000000000   0.666666667   0.000000000 ) 

    1    1
  0.13669133  0.00000000    0.00000000  0.00000000    0.00000000  0.00000000
  0.00000000  0.00000000    0.32591460  0.00000000    0.00000000  0.00000000
  0.00000000  0.00000000    0.00000000  0.00000000    0.13669133  0.00000000
    1    2
 -0.38696137  0.67023675    0.00000000  0.00000000   -0.02691713 -0.01554061
  0.00000000  0.00000000   -0.07622666  0.13202844    0.00000000 -0.00000000
 -0.02691713 -0.01554061    0.00000000  0.00000000   -0.38696137  0.67023675
    2    1
 -0.38696137 -0.67023675   -0.00000000 -0.00000000   -0.02691713  0.01554061
  0.00000000 -0.00000000   -0.07622666 -0.13202844   -0.00000000  0.00000000
 -0.02691713  0.01554061   -0.00000000 -0.00000000   -0.38696137 -0.67023675
    2    2
  0.13669133  0.00000000    0.00000000  0.00000000    0.00000000  0.00000000
  0.00000000  0.00000000    0.32591460  0.00000000    0.00000000  0.00000000
  0.00000000  0.00000000    0.00000000  0.00000000    0.13669133  0.00000000

     Dynamical  Matrix in cartesian axes

     q = (   -0.666666667   0.000000000   0.000000000 ) 

    1    1
  0.32591460  0.00000000    0.00000000  0.00000000    0.00000000  0.00000000
  0.00000000  0.00000000    0.13669133  0.00000000    0.00000000  0.00000000
  0.00000000  0.00000000    0.00000000  0.00000000    0.13669133  0.00000000
    1    2
 -0.07622666 -0.13202844   -0.00000000  0.00000000    0.00000000  0.00000000
 -0.00000000  0.00000000   -0.38696137 -0.67023675   -0.02691713  0.01554061
 -0.00000000  0.00000000   -0.02691713  0.01554061   -0.38696137 -0.67023675
    2    1
 -0.07622666  0.13202844   -0.00000000  0.00000000   -0.00000000  0.00000000
 -0.00000000  0.00000000   -0.38696137  0.67023675   -0.02691713 -0.01554061
 -0.00000000 -0.00000000   -0.02691713 -0.01554061   -0.38696137  0.67023675
    2    2
  0.32591460  0.00000000    0.00000000  0.00000000    0.00000000  0.00000000
  0.00000000  0.00000000    0.13669133  0.00000000    0.00000000  0.00000000
  0.00000000  0.00000000    0.00000000  0.00000000    0.13669133  0.00000000

     Dynamical  Matrix in cartesian axes

     q = (    0.000000000  -0.666666667   0.000000000 ) 

    1    1
  0.13669133  0.00000000    0.00000000  0.00000000   -0.00000000  0.00000000
  0.00000000  0.00000000    0.32591460  0.00000000   -0.00000000  0.00000000
 -0.00000000  0.00000000    0.00000000  0.00000000    0.13669133  0.00000000
    1    2
 -0.38696137 -0.67023675   -0.00000000  0.00000000   -0.02691713  0.01554061
  0.00000000 -0.00000000   -0.07622666 -0.13202844   -0.00000000  0.00000000
 -0.02691713  0.01554061   -0.00000000  0.00000000   -0.38696137 -0.67023675
    2    1
 -0.38696137  0.67023675    0.00000000  0.00000000   -0.02691713 -0.01554061
  0.00000000  0.00000000   -0.07622666  0.13202844    0.00000000 -0.00000000
 -0.02691713 -0.01554061    0.00000000  0.00000000   -0.38696137  0.67023675
    2    2
  0.13669133  0.00000000    0.00000000  0.00000000    0.00000000  0.00000000
  0.00000000  0.00000000    0.32591460  0.00000000   -0.00000000  0.00000000
  0.00000000  0.00000000    0.00000000  0.00000000    0.13669133  0.00000000

     Dynamical  Matrix in cartesian axes

     q = (    0.000000000   0.000000000   0.666666667 ) 

    1    1
  0.13669133  0.00000000    0.00000000  0.00000000    0.00000000  0.00000000
  0.00000000  0.00000000    0.13669133  0.00000000    0.00000000  0.00000000
  0.00000000  0.00000000    0.00000000  0.00000000    0.32591460  0.00000000
    1    2
 -0.38696137  0.67023675   -0.02691713 -0.01554061   -0.00000000 -0.00000000
 -0.02691713 -0.01554061   -0.38696137  0.67023675   -0.00000000 -0.00000000
 -0.00000000  0.00000000    0.00000000  0.00000000   -0.07622666  0.13202844
    2    1
 -0.38696137 -0.67023675   -0.02691713  0.01554061    0.00000000  0.00000000
 -0.02691713  0.01554061   -0.38696137 -0.67023675    0.00000000  0.00000000
  0.00000000 -0.00000000    0.00000000  0.00000000   -0.07622666 -0.13202844
    2    2
  0.13669133  0.00000000    0.00000000  0.00000000   -0.00000000  0.00000000
  0.00000000  0.00000000    0.13669133  0.00000000   -0.00000000  0.00000000
 -0.00000000  0.00000000   -0.00000000  0.00000000    0.32591460  0.00000000

     Dynamical  Matrix in cartesian axes

     q = (    0.000000000   0.000000000  -0.666666667 ) 

    1    1
  0.13669133  0.00000000    0.00000000  0.00000000    0.00000000  0.00000000
  0.00000000  0.00000000    0.13669133  0.00000000    0.00000000  0.00000000
  0.00000000  0.00000000    0.00000000  0.00000000    0.32591460  0.00000000
    1    2
 -0.38696137 -0.67023675   -0.02691713  0.01554061   -0.00000000 -0.00000000
 -0.02691713  0.01554061   -0.38696137 -0.67023675   -0.00000000  0.00000000
 -0.00000000 -0.00000000    0.00000000  0.00000000   -0.07622666 -0.13202844
    2    1
 -0.38696137  0.67023675   -0.02691713 -0.01554061    0.00000000  0.00000000
 -0.02691713 -0.01554061   -0.38696137  0.67023675    0.00000000 -0.00000000
  0.00000000  0.00000000    0.00000000  0.00000000   -0.07622666  0.13202844
    2    2
  0.13669133  0.00000000    0.00000000  0.00000000   -0.00000000  0.00000000
  0.00000000  0.00000000    0.13669133  0.00000000   -0.00000000  0.00000000
 -0.00000000  0.00000000   -0.00000000  0.00000000    0.32591460  0.00000000

     Dynamical  Matrix in cartesian axes

     q = (    0.666666667   0.000000000   0.000000000 ) 

    1    1
  0.32591460  0.00000000    0.00000000  0.00000000    0.00000000  0.00000000
  0.00000000  0.00000000    0.13669133  0.00000000    0.00000000  0.00000000
  0.00000000  0.00000000    0.00000000  0.00000000    0.13669133  0.00000000
    1    2
 -0.07622666  0.13202844   -0.00000000  0.00000000    0.00000000  0.00000000
 -0.00000000  0.00000000   -0.38696137  0.67023675   -0.02691713 -0.01554061
  0.00000000  0.00000000   -0.02691713 -0.01554061   -0.38696137  0.67023675
    2    1
 -0.07622666 -0.13202844   -0.00000000  0.00000000    0.00000000  0.00000000
 -0.00000000  0.00000000   -0.38696137 -0.67023675   -0.02691713  0.01554061
 -0.00000000  0.00000000   -0.02691713  0.01554061   -0.38696137 -0.67023675
    2    2
  0.32591460  0.00000000    0.00000000  0.00000000    0.00000000  0.00000000
  0.00000000  0.00000000    0.13669133  0.00000000    0.00000000  0.00000000
  0.00000000  0.00000000    0.00000000  0.00000000    0.13669133  0.00000000

     Diagonalizing the dynamical matrix

     q = (    0.000000000   0.666666667   0.000000000 ) 

 **************************************************************************
     freq (    1) =     -16.422002 [THz] =    -547.779040 [cm-1]
 ( -0.047770  0.014602 -0.000000  0.000000 -0.353940  0.610108 ) 
 ( -0.036560 -0.005738 -0.000000 -0.000000 -0.706138  0.000000 ) 
     freq (    2) =     -16.422002 [THz] =    -547.779040 [cm-1]
 (  0.441971 -0.549697  0.000000 -0.000000  0.003557  0.049825 ) 
 (  0.697599  0.109483  0.000000  0.000000 -0.037008  0.000000 ) 
     freq (    3) =       8.563796 [THz] =     285.657491 [cm-1]
 (  0.000000 -0.000000 -0.567777  0.421461  0.000000 -0.000000 ) 
 ( -0.000000 -0.000000 -0.648884 -0.280979  0.000000  0.000000 ) 
     freq (    4) =      14.221521 [THz] =     474.378887 [cm-1]
 ( -0.000000  0.000000  0.144291  0.692228 -0.000000  0.000000 ) 
 ( -0.000000  0.000000  0.527342 -0.471074  0.000000 -0.000000 ) 
     freq (    5) =      19.628221 [THz] =     654.726968 [cm-1]
 (  0.291594 -0.477475  0.000000 -0.000000 -0.196467  0.385216 ) 
 ( -0.559753 -0.031108  0.000000  0.000000  0.430939  0.000000 ) 
     freq (    6) =      19.628221 [THz] =     654.726968 [cm-1]
 ( -0.255139  0.349134  0.000000  0.000000 -0.294556  0.475654 ) 
 (  0.430275  0.023913 -0.000000 -0.000000  0.560617  0.000000 ) 
 **************************************************************************
