Dynamical matrix file
                                                                           
  1    2  2 10.2000000  0.0000000  0.0000000  0.0000000  0.0000000  0.0000000
           1  'Si  '    25598.822984527003     
    1    1      0.0000000000      0.0000000000      0.0000000000
    2    1      0.2500000000      0.2500000000      0.2500000000

     Dynamical  Matrix in cartesian axes

     q = (    0.666666667   0.000000000   0.666666667 ) 

    1    1
  0.40115185  0.00000000    0.00000000  0.11515938   -0.21697374  0.00000000
  0.00000000 -0.11515938    0.48488922  0.00000000    0.00000000 -0.11515938
 -0.21697374  0.00000000    0.00000000  0.11515938    0.40115185  0.00000000
    1    2
  0.16170418  0.28007985   -0.14068160  0.08122256   -0.15546426 -0.26927199
 -0.14068160  0.08122256    0.14218481  0.24627132   -0.14068160  0.08122256
 -0.15546426 -0.26927199   -0.14068160  0.08122256    0.16170418  0.28007985
    2    1
  0.16170418 -0.28007985   -0.14068160 -0.08122256   -0.15546426  0.26927199
 -0.14068160 -0.08122256    0.14218481 -0.24627132   -0.14068160 -0.08122256
 -0.15546426  0.26927199   -0.14068160 -0.08122256    0.16170418 -0.28007985
    2    2
  0.40115185  0.00000000    0.00000000 -0.11515938   -0.21697374  0.00000000
  0.00000000  0.11515938    0.48488922  0.00000000    0.00000000  0.11515938
 -0.21697374  0.00000000    0.00000000 -0.11515938    0.40115185  0.00000000

     Dynamical  Matrix in cartesian axes

     q = (    0.666666667   0.000000000  -0.666666667 ) 

    1    1
  0.40115185  0.00000000    0.00000000 -0.11515938    0.21697374  0.00000000
  0.00000000  0.11515938    0.48488922  0.00000000    0.00000000 -0.11515938
  0.21697374  0.00000000    0.00000000  0.11515938    0.40115185  0.00000000
    1    2
 -0.32340836  0.00000000    0.00000000  0.16244512   -0.31092851  0.00000000
  0.00000000  0.16244512   -0.28436963  0.00000000   -0.00000000 -0.16244512
 -0.31092851  0.00000000   -0.00000000 -0.16244512   -0.32340836  0.00000000
    2    1
 -0.32340836 -0.00000000    0.00000000 -0.16244512   -0.31092851 -0.00000000
  0.00000000 -0.16244512   -0.28436963 -0.00000000   -0.00000000  0.16244512
 -0.31092851 -0.00000000    0.00000000  0.16244512   -0.32340836 -0.00000000
    2    2
  0.40115185  0.00000000   -0.00000000  0.11515938    0.21697374  0.00000000
  0.00000000 -0.11515938    0.48488922  0.00000000    0.00000000  0.11515938
  0.21697374  0.00000000   -0.00000000 -0.11515938    0.40115185  0.00000000

     Dynamical  Matrix in cartesian axes

     q = (   -0.666666667   0.000000000  -0.666666667 ) 

    1    1
  0.40115185  0.00000000   -0.00000000 -0.11515938   -0.21697374  0.00000000
 -0.00000000  0.11515938    0.48488922  0.00000000   -0.00000000  0.11515938
 -0.21697374  0.00000000   -0.00000000 -0.11515938    0.40115185  0.00000000
    1    2
  0.16170418 -0.28007985   -0.14068160 -0.08122256   -0.15546426  0.26927199
 -0.14068160 -0.08122256    0.14218481 -0.24627132   -0.14068160 -0.08122256
 -0.15546426  0.26927199   -0.14068160 -0.08122256    0.16170418 -0.28007985
    2    1
  0.16170418  0.28007985   -0.14068160  0.08122256   -0.15546426 -0.26927199
 -0.14068160  0.08122256    0.14218481  0.24627132   -0.14068160  0.08122256
 -0.15546426 -0.26927199   -0.14068160  0.08122256    0.16170418  0.28007985
    2    2
  0.40115185  0.00000000    0.00000000  0.11515938   -0.21697374  0.00000000
  0.00000000 -0.11515938    0.48488922  0.00000000    0.00000000 -0.11515938
 -0.21697374  0.00000000    0.00000000  0.11515938    0.40115185  0.00000000

     Dynamical  Matrix in cartesian axes

     q = (   -0.666666667   0.000000000   0.666666667 ) 

    1    1
  0.40115185  0.00000000    0.00000000  0.11515938    0.21697374  0.00000000
  0.00000000 -0.11515938    0.48488922  0.00000000    0.00000000  0.11515938
  0.21697374  0.00000000    0.00000000 -0.11515938    0.40115185  0.00000000
    1    2
 -0.32340836 -0.00000000    0.00000000 -0.16244512   -0.31092851 -0.00000000
  0.00000000 -0.16244512   -0.28436963 -0.00000000   -0.00000000  0.16244512
 -0.31092851 -0.00000000    0.00000000  0.16244512   -0.32340836 -0.00000000
    2    1
 -0.32340836  0.00000000    0.00000000  0.16244512   -0.31092851  0.00000000
  0.00000000  0.16244512   -0.28436963  0.00000000   -0.00000000 -0.16244512
 -0.31092851  0.00000000   -0.00000000 -0.16244512   -0.32340836  0.00000000
    2    2
  0.40115185  0.00000000    0.00000000 -0.11515938    0.21697374  0.00000000
 -0.00000000  0.11515938    0.48488922  0.00000000    0.00000000 -0.11515938
  0.21697374  0.00000000    0.00000000  0.11515938    0.40115185  0.00000000

     Dynamical  Matrix in cartesian axes

     q = (    0.000000000  -0.666666667   0.666666667 ) 

    1    1
  0.48488922  0.00000000    0.00000000 -0.11515938   -0.00000000  0.11515938
  0.00000000  0.11515938    0.40115185  0.00000000    0.21697374  0.00000000
 -0.00000000 -0.11515938    0.21697374  0.00000000    0.40115185  0.00000000
    1    2
 -0.28436963  0.00000000   -0.00000000 -0.16244512    0.00000000  0.16244512
  0.00000000 -0.16244512   -0.32340836  0.00000000   -0.31092851  0.00000000
 -0.00000000  0.16244512   -0.31092851  0.00000000   -0.32340836  0.00000000
    2    1
 -0.28436963  0.00000000    0.00000000  0.16244512   -0.00000000 -0.16244512
  0.00000000  0.16244512   -0.32340836  0.00000000   -0.31092851  0.00000000
  0.00000000 -0.16244512   -0.31092851  0.00000000   -0.32340836  0.00000000
    2    2
  0.48488922  0.00000000    0.00000000  0.11515938   -0.00000000 -0.11515938
  0.00000000 -0.11515938    0.40115185  0.00000000    0.21697374  0.00000000
 -0.00000000  0.11515938    0.21697374  0.00000000    0.40115185  0.00000000

     Dynamical  Matrix in cartesian axes

     q = (   -0.666666667   0.666666667   0.000000000 ) 

    1    1
  0.40115185  0.00000000    0.21697374  0.00000000   -0.00000000  0.11515938
  0.21697374  0.00000000    0.40115185  0.00000000   -0.00000000 -0.11515938
 -0.00000000 -0.11515938    0.00000000  0.11515938    0.48488922  0.00000000
    1    2
 -0.32340836 -0.00000000   -0.31092851  0.00000000    0.00000000 -0.16244512
 -0.31092851 -0.00000000   -0.32340836 -0.00000000    0.00000000  0.16244512
  0.00000000 -0.16244512   -0.00000000  0.16244512   -0.28436963 -0.00000000
    2    1
 -0.32340836  0.00000000   -0.31092851  0.00000000    0.00000000  0.16244512
 -0.31092851  0.00000000   -0.32340836  0.00000000   -0.00000000 -0.16244512
 -0.00000000  0.16244512    0.00000000 -0.16244512   -0.28436963  0.00000000
    2    2
  0.40115185  0.00000000    0.21697374  0.00000000    0.00000000 -0.11515938
  0.21697374  0.00000000    0.40115185  0.00000000    0.00000000  0.11515938
 -0.00000000  0.11515938    0.00000000 -0.11515938    0.48488922  0.00000000

     Dynamical  Matrix in cartesian axes

     q = (   -0.666666667  -0.666666667   0.000000000 ) 

    1    1
  0.40115185  0.00000000   -0.21697374  0.00000000    0.00000000 -0.11515938
 -0.21697374  0.00000000    0.40115185  0.00000000    0.00000000 -0.11515938
 -0.00000000  0.11515938    0.00000000  0.11515938    0.48488922  0.00000000
    1    2
  0.16170418 -0.28007985   -0.15546426  0.26927199   -0.14068160 -0.08122256
 -0.15546426  0.26927199    0.16170418 -0.28007985   -0.14068160 -0.08122256
 -0.14068160 -0.08122256   -0.14068160 -0.08122256    0.14218481 -0.24627132
    2    1
  0.16170418  0.28007985   -0.15546426 -0.26927199   -0.14068160  0.08122256
 -0.15546426 -0.26927199    0.16170418  0.28007985   -0.14068160  0.08122256
 -0.14068160  0.08122256   -0.14068160  0.08122256    0.14218481  0.24627132
    2    2
  0.40115185  0.00000000   -0.21697374  0.00000000    0.00000000  0.11515938
 -0.21697374  0.00000000    0.40115185  0.00000000    0.00000000  0.11515938
  0.00000000 -0.11515938    0.00000000 -0.11515938    0.48488922  0.00000000

     Dynamical  Matrix in cartesian axes

     q = (    0.666666667   0.666666667   0.000000000 ) 

    1    1
  0.40115185  0.00000000   -0.21697374  0.00000000    0.00000000  0.11515938
 -0.21697374  0.00000000    0.40115185  0.00000000    0.00000000  0.11515938
  0.00000000 -0.11515938    0.00000000 -0.11515938    0.48488922  0.00000000
    1    2
  0.16170418  0.28007985   -0.15546426 -0.26927199   -0.14068160  0.08122256
 -0.15546426 -0.26927199    0.16170418  0.28007985   -0.14068160  0.08122256
 -0.14068160  0.08122256   -0.14068160  0.08122256    0.14218481  0.24627132
    2    1
  0.16170418 -0.28007985   -0.15546426  0.26927199   -0.14068160 -0.08122256
 -0.15546426  0.26927199    0.16170418 -0.28007985   -0.14068160 -0.08122256
 -0.14068160 -0.08122256   -0.14068160 -0.08122256    0.14218481 -0.24627132
    2    2
  0.40115185  0.00000000   -0.21697374  0.00000000   -0.00000000 -0.11515938
 -0.21697374  0.00000000    0.40115185  0.00000000   -0.00000000 -0.11515938
 -0.00000000  0.11515938   -0.00000000  0.11515938    0.48488922  0.00000000

     Dynamical  Matrix in cartesian axes

     q = (    0.666666667  -0.666666667   0.000000000 ) 

    1    1
  0.40115185  0.00000000    0.21697374  0.00000000    0.00000000 -0.11515938
  0.21697374  0.00000000    0.40115185  0.00000000    0.00000000  0.11515938
  0.00000000  0.11515938    0.00000000 -0.11515938    0.48488922  0.00000000
    1    2
 -0.32340836 -0.00000000   -0.31092851  0.00000000    0.00000000  0.16244512
 -0.31092851  0.00000000   -0.32340836 -0.00000000   -0.00000000 -0.16244512
 -0.00000000  0.16244512    0.00000000 -0.16244512   -0.28436963  0.00000000
    2    1
 -0.32340836  0.00000000   -0.31092851 -0.00000000   -0.00000000 -0.16244512
 -0.31092851  0.00000000   -0.32340836 -0.00000000    0.00000000  0.16244512
  0.00000000 -0.16244512   -0.00000000  0.16244512   -0.28436963 -0.00000000
    2    2
  0.40115185  0.00000000    0.21697374  0.00000000    0.00000000  0.11515938
  0.21697374  0.00000000    0.40115185  0.00000000    0.00000000 -0.11515938
  0.00000000 -0.11515938    0.00000000  0.11515938    0.48488922  0.00000000

     Dynamical  Matrix in cartesian axes

     q = (    0.000000000   0.666666667   0.666666667 ) 

    1    1
  0.48488922  0.00000000    0.00000000 -0.11515938   -0.00000000 -0.11515938
  0.00000000  0.11515938    0.40115185  0.00000000   -0.21697374  0.00000000
  0.00000000  0.11515938   -0.21697374  0.00000000    0.40115185  0.00000000
    1    2
  0.14218481  0.24627132   -0.14068160  0.08122256   -0.14068160  0.08122256
 -0.14068160  0.08122256    0.16170418  0.28007985   -0.15546426 -0.26927199
 -0.14068160  0.08122256   -0.15546426 -0.26927199    0.16170418  0.28007985
    2    1
  0.14218481 -0.24627132   -0.14068160 -0.08122256   -0.14068160 -0.08122256
 -0.14068160 -0.08122256    0.16170418 -0.28007985   -0.15546426  0.26927199
 -0.14068160 -0.08122256   -0.15546426  0.26927199    0.16170418 -0.28007985
    2    2
  0.48488922  0.00000000    0.00000000  0.11515938    0.00000000  0.11515938
 -0.00000000 -0.11515938    0.40115185  0.00000000   -0.21697374  0.00000000
 -0.00000000 -0.11515938   -0.21697374  0.00000000    0.40115185  0.00000000

     Dynamical  Matrix in cartesian axes

     q = (    0.000000000   0.666666667  -0.666666667 ) 

    1    1
  0.48488922  0.00000000    0.00000000  0.11515938    0.00000000 -0.11515938
 -0.00000000 -0.11515938    0.40115185  0.00000000    0.21697374  0.00000000
  0.00000000  0.11515938    0.21697374  0.00000000    0.40115185  0.00000000
    1    2
 -0.28436963  0.00000000   -0.00000000  0.16244512   -0.00000000 -0.16244512
  0.00000000  0.16244512   -0.32340836  0.00000000   -0.31092851  0.00000000
 -0.00000000 -0.16244512   -0.31092851  0.00000000   -0.32340836  0.00000000
    2    1
 -0.28436963  0.00000000    0.00000000 -0.16244512   -0.00000000  0.16244512
  0.00000000 -0.16244512   -0.32340836  0.00000000   -0.31092851  0.00000000
  0.00000000  0.16244512   -0.31092851  0.00000000   -0.32340836  0.00000000
    2    2
  0.48488922  0.00000000   -0.00000000 -0.11515938    0.00000000  0.11515938
 -0.00000000  0.11515938    0.40115185  0.00000000    0.21697374  0.00000000
  0.00000000 -0.11515938    0.21697374  0.00000000    0.40115185  0.00000000

     Dynamical  Matrix in cartesian axes

     q = (    0.000000000  -0.666666667  -0.666666667 ) 

    1    1
  0.48488922  0.00000000   -0.00000000  0.11515938    0.00000000  0.11515938
  0.00000000 -0.11515938    0.40115185  0.00000000   -0.21697374  0.00000000
 -0.00000000 -0.11515938   -0.21697374  0.00000000    0.40115185  0.00000000
    1    2
  0.14218481 -0.24627132   -0.14068160 -0.08122256   -0.14068160 -0.08122256
 -0.14068160 -0.08122256    0.16170418 -0.28007985   -0.15546426  0.26927199
 -0.14068160 -0.08122256   -0.15546426  0.26927199    0.16170418 -0.28007985
    2    1
  0.14218481  0.24627132   -0.14068160  0.08122256   -0.14068160  0.08122256
 -0.14068160  0.08122256    0.16170418  0.28007985   -0.15546426 -0.26927199
 -0.14068160  0.08122256   -0.15546426 -0.26927199    0.16170418  0.28007985
    2    2
  0.48488922  0.00000000   -0.00000000 -0.11515938    0.00000000 -0.11515938
  0.00000000  0.11515938    0.40115185  0.00000000   -0.21697374  0.00000000
  0.00000000  0.11515938   -0.21697374  0.00000000    0.40115185  0.00000000

     Diagonalizing the dynamical matrix

     q = (    0.666666667  -0.000000000   0.666666667 ) 

 **************************************************************************
     freq (    1) =      -3.109925 [THz] =    -103.735930 [cm-1]
 ( -0.223998 -0.387977  0.271934 -0.157001 -0.223998 -0.387977 ) 
 (  0.447997 -0.000000 -0.000000 -0.314002  0.447997  0.000000 ) 
     freq (    2) =      -2.618024 [THz] =     -87.327895 [cm-1]
 (  0.250000  0.433013  0.000000 -0.000000 -0.250000 -0.433013 ) 
 ( -0.500000  0.000000  0.000000 -0.000000  0.500000  0.000000 ) 
     freq (    3) =       7.461728 [THz] =     248.896453 [cm-1]
 ( -0.179310 -0.310573 -0.426718  0.246366 -0.179310 -0.310573 ) 
 ( -0.358619 -0.000000 -0.000000 -0.492732 -0.358619  0.000000 ) 
     freq (    4) =      10.594687 [THz] =     353.400707 [cm-1]
 (  0.174207  0.301735 -0.439217  0.253582  0.174207  0.301735 ) 
 (  0.348414  0.000000  0.000000 -0.507164  0.348414  0.000000 ) 
     freq (    5) =      20.186724 [THz] =     673.356617 [cm-1]
 ( -0.111017 -0.192286 -0.548682  0.316782 -0.111017 -0.192286 ) 
 (  0.222033 -0.000000  0.000000  0.633563  0.222033  0.000000 ) 
     freq (    6) =      23.011631 [THz] =     767.585375 [cm-1]
 ( -0.250000 -0.433013 -0.000000  0.000000  0.250000  0.433013 ) 
 ( -0.500000  0.000000 -0.000000  0.000000  0.500000  0.000000 ) 
 **************************************************************************
