Dynamical matrix file
                                                                           
  1    2  2 10.2000000  0.0000000  0.0000000  0.0000000  0.0000000  0.0000000
           1  'Si  '    25598.822984527003     
    1    1      0.0000000000      0.0000000000      0.0000000000
    2    1      0.2500000000      0.2500000000      0.2500000000

     Dynamical  Matrix in cartesian axes

     q = (    0.750000000  -0.250000000   0.750000000 ) 

    1    1
  0.25280635  0.00000000   -0.00694823  0.00845474    0.00707399  0.00000000
 -0.00694823 -0.00845474    0.30758190  0.00000000   -0.00694823 -0.00845474
  0.00707399  0.00000000   -0.00694823  0.00845474    0.25280635  0.00000000
    1    2
 -0.06418185  0.06654187   -0.04011227  0.04278676   -0.03987599 -0.13647281
 -0.04011227  0.04278676   -0.06364227  0.08295565   -0.04011227  0.04278676
 -0.03987599 -0.13647281   -0.04011227  0.04278676   -0.06418185  0.06654187
    2    1
 -0.06418185 -0.06654187   -0.04011227 -0.04278676   -0.03987599  0.13647281
 -0.04011227 -0.04278676   -0.06364227 -0.08295565   -0.04011227 -0.04278676
 -0.03987599  0.13647281   -0.04011227 -0.04278676   -0.06418185 -0.06654187
    2    2
  0.25280635  0.00000000   -0.00694823 -0.00845474    0.00707399  0.00000000
 -0.00694823  0.00845474    0.30758190  0.00000000   -0.00694823  0.00845474
  0.00707399  0.00000000   -0.00694823 -0.00845474    0.25280635  0.00000000

     Dynamical  Matrix in cartesian axes

     q = (    0.750000000  -0.250000000  -0.750000000 ) 

    1    1
  0.25280635  0.00000000   -0.00694823 -0.00845474   -0.00707399  0.00000000
 -0.00694823  0.00845474    0.30758190  0.00000000    0.00694823 -0.00845474
 -0.00707399  0.00000000    0.00694823  0.00845474    0.25280635  0.00000000
    1    2
 -0.06654187  0.06418185   -0.04278676  0.04011227   -0.13647281 -0.03987599
 -0.04278676  0.04011227   -0.08295565  0.06364227    0.04278676 -0.04011227
 -0.13647281 -0.03987599    0.04278676 -0.04011227   -0.06654187  0.06418185
    2    1
 -0.06654187 -0.06418185   -0.04278676 -0.04011227   -0.13647281  0.03987599
 -0.04278676 -0.04011227   -0.08295565 -0.06364227    0.04278676  0.04011227
 -0.13647281  0.03987599    0.04278676  0.04011227   -0.06654187 -0.06418185
    2    2
  0.25280635  0.00000000   -0.00694823  0.00845474   -0.00707399  0.00000000
 -0.00694823 -0.00845474    0.30758190  0.00000000    0.00694823  0.00845474
 -0.00707399  0.00000000    0.00694823 -0.00845474    0.25280635  0.00000000

     Dynamical  Matrix in cartesian axes

     q = (   -0.750000000  -0.250000000  -0.750000000 ) 

    1    1
  0.25280635  0.00000000    0.00694823 -0.00845474    0.00707399  0.00000000
  0.00694823  0.00845474    0.30758190  0.00000000    0.00694823  0.00845474
  0.00707399  0.00000000    0.00694823 -0.00845474    0.25280635  0.00000000
    1    2
  0.06654187  0.06418185   -0.04278676 -0.04011227   -0.13647281  0.03987599
 -0.04278676 -0.04011227    0.08295565  0.06364227   -0.04278676 -0.04011227
 -0.13647281  0.03987599   -0.04278676 -0.04011227    0.06654187  0.06418185
    2    1
  0.06654187 -0.06418185   -0.04278676  0.04011227   -0.13647281 -0.03987599
 -0.04278676  0.04011227    0.08295565 -0.06364227   -0.04278676  0.04011227
 -0.13647281 -0.03987599   -0.04278676  0.04011227    0.06654187 -0.06418185
    2    2
  0.25280635  0.00000000    0.00694823  0.00845474    0.00707399  0.00000000
  0.00694823 -0.00845474    0.30758190  0.00000000    0.00694823 -0.00845474
  0.00707399  0.00000000    0.00694823  0.00845474    0.25280635  0.00000000

     Dynamical  Matrix in cartesian axes

     q = (   -0.750000000  -0.250000000   0.750000000 ) 

    1    1
  0.25280635  0.00000000    0.00694823  0.00845474   -0.00707399  0.00000000
  0.00694823 -0.00845474    0.30758190  0.00000000   -0.00694823  0.00845474
 -0.00707399  0.00000000   -0.00694823 -0.00845474    0.25280635  0.00000000
    1    2
 -0.06654187  0.06418185    0.04278676 -0.04011227   -0.13647281 -0.03987599
  0.04278676 -0.04011227   -0.08295565  0.06364227   -0.04278676  0.04011227
 -0.13647281 -0.03987599   -0.04278676  0.04011227   -0.06654187  0.06418185
    2    1
 -0.06654187 -0.06418185    0.04278676  0.04011227   -0.13647281  0.03987599
  0.04278676  0.04011227   -0.08295565 -0.06364227   -0.04278676 -0.04011227
 -0.13647281  0.03987599   -0.04278676 -0.04011227   -0.06654187 -0.06418185
    2    2
  0.25280635  0.00000000    0.00694823 -0.00845474   -0.00707399  0.00000000
  0.00694823  0.00845474    0.30758190  0.00000000   -0.00694823 -0.00845474
 -0.00707399  0.00000000   -0.00694823  0.00845474    0.25280635  0.00000000

     Dynamical  Matrix in cartesian axes

     q = (   -0.750000000   0.250000000  -0.750000000 ) 

    1    1
  0.25280635  0.00000000   -0.00694823 -0.00845474    0.00707399  0.00000000
 -0.00694823  0.00845474    0.30758190  0.00000000   -0.00694823  0.00845474
  0.00707399  0.00000000   -0.00694823 -0.00845474    0.25280635  0.00000000
    1    2
 -0.06418185 -0.06654187   -0.04011227 -0.04278676   -0.03987599  0.13647281
 -0.04011227 -0.04278676   -0.06364227 -0.08295565   -0.04011227 -0.04278676
 -0.03987599  0.13647281   -0.04011227 -0.04278676   -0.06418185 -0.06654187
    2    1
 -0.06418185  0.06654187   -0.04011227  0.04278676   -0.03987599 -0.13647281
 -0.04011227  0.04278676   -0.06364227  0.08295565   -0.04011227  0.04278676
 -0.03987599 -0.13647281   -0.04011227  0.04278676   -0.06418185  0.06654187
    2    2
  0.25280635  0.00000000   -0.00694823  0.00845474    0.00707399  0.00000000
 -0.00694823 -0.00845474    0.30758190  0.00000000   -0.00694823 -0.00845474
  0.00707399  0.00000000   -0.00694823  0.00845474    0.25280635  0.00000000

     Dynamical  Matrix in cartesian axes

     q = (   -0.250000000   0.750000000  -0.750000000 ) 

    1    1
  0.30758190  0.00000000   -0.00694823  0.00845474    0.00694823 -0.00845474
 -0.00694823 -0.00845474    0.25280635  0.00000000   -0.00707399  0.00000000
  0.00694823  0.00845474   -0.00707399  0.00000000    0.25280635  0.00000000
    1    2
 -0.08295565  0.06364227   -0.04278676  0.04011227    0.04278676 -0.04011227
 -0.04278676  0.04011227   -0.06654187  0.06418185   -0.13647281 -0.03987599
  0.04278676 -0.04011227   -0.13647281 -0.03987599   -0.06654187  0.06418185
    2    1
 -0.08295565 -0.06364227   -0.04278676 -0.04011227    0.04278676  0.04011227
 -0.04278676 -0.04011227   -0.06654187 -0.06418185   -0.13647281  0.03987599
  0.04278676  0.04011227   -0.13647281  0.03987599   -0.06654187 -0.06418185
    2    2
  0.30758190  0.00000000   -0.00694823 -0.00845474    0.00694823  0.00845474
 -0.00694823  0.00845474    0.25280635  0.00000000   -0.00707399  0.00000000
  0.00694823 -0.00845474   -0.00707399  0.00000000    0.25280635  0.00000000

     Dynamical  Matrix in cartesian axes

     q = (   -0.750000000   0.750000000  -0.250000000 ) 

    1    1
  0.25280635  0.00000000   -0.00707399  0.00000000    0.00694823  0.00845474
 -0.00707399  0.00000000    0.25280635  0.00000000   -0.00694823 -0.00845474
  0.00694823 -0.00845474   -0.00694823  0.00845474    0.30758190  0.00000000
    1    2
 -0.06654187  0.06418185   -0.13647281 -0.03987599    0.04278676 -0.04011227
 -0.13647281 -0.03987599   -0.06654187  0.06418185   -0.04278676  0.04011227
  0.04278676 -0.04011227   -0.04278676  0.04011227   -0.08295565  0.06364227
    2    1
 -0.06654187 -0.06418185   -0.13647281  0.03987599    0.04278676  0.04011227
 -0.13647281  0.03987599   -0.06654187 -0.06418185   -0.04278676 -0.04011227
  0.04278676  0.04011227   -0.04278676 -0.04011227   -0.08295565 -0.06364227
    2    2
  0.25280635  0.00000000   -0.00707399  0.00000000    0.00694823 -0.00845474
 -0.00707399  0.00000000    0.25280635  0.00000000   -0.00694823  0.00845474
  0.00694823  0.00845474   -0.00694823 -0.00845474    0.30758190  0.00000000

     Dynamical  Matrix in cartesian axes

     q = (    0.750000000   0.250000000   0.750000000 ) 

    1    1
  0.25280635  0.00000000    0.00694823  0.00845474    0.00707399  0.00000000
  0.00694823 -0.00845474    0.30758190  0.00000000    0.00694823 -0.00845474
  0.00707399  0.00000000    0.00694823  0.00845474    0.25280635  0.00000000
    1    2
  0.06654187 -0.06418185   -0.04278676  0.04011227   -0.13647281 -0.03987599
 -0.04278676  0.04011227    0.08295565 -0.06364227   -0.04278676  0.04011227
 -0.13647281 -0.03987599   -0.04278676  0.04011227    0.06654187 -0.06418185
    2    1
  0.06654187  0.06418185   -0.04278676 -0.04011227   -0.13647281  0.03987599
 -0.04278676 -0.04011227    0.08295565  0.06364227   -0.04278676 -0.04011227
 -0.13647281  0.03987599   -0.04278676 -0.04011227    0.06654187  0.06418185
    2    2
  0.25280635  0.00000000    0.00694823 -0.00845474    0.00707399  0.00000000
  0.00694823  0.00845474    0.30758190  0.00000000    0.00694823  0.00845474
  0.00707399  0.00000000    0.00694823 -0.00845474    0.25280635  0.00000000

     Dynamical  Matrix in cartesian axes

     q = (   -0.750000000   0.250000000   0.750000000 ) 

    1    1
  0.25280635  0.00000000   -0.00694823  0.00845474   -0.00707399  0.00000000
 -0.00694823 -0.00845474    0.30758190  0.00000000    0.00694823  0.00845474
 -0.00707399  0.00000000    0.00694823 -0.00845474    0.25280635  0.00000000
    1    2
 -0.06654187 -0.06418185   -0.04278676 -0.04011227   -0.13647281  0.03987599
 -0.04278676 -0.04011227   -0.08295565 -0.06364227    0.04278676  0.04011227
 -0.13647281  0.03987599    0.04278676  0.04011227   -0.06654187 -0.06418185
    2    1
 -0.06654187  0.06418185   -0.04278676  0.04011227   -0.13647281 -0.03987599
 -0.04278676  0.04011227   -0.08295565  0.06364227    0.04278676 -0.04011227
 -0.13647281 -0.03987599    0.04278676 -0.04011227   -0.06654187  0.06418185
    2    2
  0.25280635  0.00000000   -0.00694823 -0.00845474   -0.00707399  0.00000000
 -0.00694823  0.00845474    0.30758190  0.00000000    0.00694823 -0.00845474
 -0.00707399  0.00000000    0.00694823  0.00845474    0.25280635  0.00000000

     Dynamical  Matrix in cartesian axes

     q = (    0.750000000   0.250000000  -0.750000000 ) 

    1    1
  0.25280635  0.00000000    0.00694823 -0.00845474   -0.00707399  0.00000000
  0.00694823  0.00845474    0.30758190  0.00000000   -0.00694823 -0.00845474
 -0.00707399  0.00000000   -0.00694823  0.00845474    0.25280635  0.00000000
    1    2
 -0.06654187 -0.06418185    0.04278676  0.04011227   -0.13647281  0.03987599
  0.04278676  0.04011227   -0.08295565 -0.06364227   -0.04278676 -0.04011227
 -0.13647281  0.03987599   -0.04278676 -0.04011227   -0.06654187 -0.06418185
    2    1
 -0.06654187  0.06418185    0.04278676 -0.04011227   -0.13647281 -0.03987599
  0.04278676 -0.04011227   -0.08295565  0.06364227   -0.04278676  0.04011227
 -0.13647281 -0.03987599   -0.04278676  0.04011227   -0.06654187  0.06418185
    2    2
  0.25280635  0.00000000    0.00694823  0.00845474   -0.00707399  0.00000000
  0.00694823 -0.00845474    0.30758190  0.00000000   -0.00694823  0.00845474
 -0.00707399  0.00000000   -0.00694823 -0.00845474    0.25280635  0.00000000

     Dynamical  Matrix in cartesian axes

     q = (   -0.750000000   0.750000000   0.250000000 ) 

    1    1
  0.25280635  0.00000000   -0.00707399  0.00000000   -0.00694823  0.00845474
 -0.00707399  0.00000000    0.25280635  0.00000000    0.00694823 -0.00845474
 -0.00694823 -0.00845474    0.00694823  0.00845474    0.30758190  0.00000000
    1    2
 -0.06654187 -0.06418185   -0.13647281  0.03987599   -0.04278676 -0.04011227
 -0.13647281  0.03987599   -0.06654187 -0.06418185    0.04278676  0.04011227
 -0.04278676 -0.04011227    0.04278676  0.04011227   -0.08295565 -0.06364227
    2    1
 -0.06654187  0.06418185   -0.13647281 -0.03987599   -0.04278676  0.04011227
 -0.13647281 -0.03987599   -0.06654187  0.06418185    0.04278676 -0.04011227
 -0.04278676  0.04011227    0.04278676 -0.04011227   -0.08295565  0.06364227
    2    2
  0.25280635  0.00000000   -0.00707399  0.00000000   -0.00694823 -0.00845474
 -0.00707399  0.00000000    0.25280635  0.00000000    0.00694823  0.00845474
 -0.00694823  0.00845474    0.00694823 -0.00845474    0.30758190  0.00000000

     Dynamical  Matrix in cartesian axes

     q = (   -0.250000000   0.750000000   0.750000000 ) 

    1    1
  0.30758190  0.00000000   -0.00694823 -0.00845474   -0.00694823 -0.00845474
 -0.00694823  0.00845474    0.25280635  0.00000000    0.00707399  0.00000000
 -0.00694823  0.00845474    0.00707399  0.00000000    0.25280635  0.00000000
    1    2
 -0.06364227  0.08295565   -0.04011227  0.04278676   -0.04011227  0.04278676
 -0.04011227  0.04278676   -0.06418185  0.06654187   -0.03987599 -0.13647281
 -0.04011227  0.04278676   -0.03987599 -0.13647281   -0.06418185  0.06654187
    2    1
 -0.06364227 -0.08295565   -0.04011227 -0.04278676   -0.04011227 -0.04278676
 -0.04011227 -0.04278676   -0.06418185 -0.06654187   -0.03987599  0.13647281
 -0.04011227 -0.04278676   -0.03987599  0.13647281   -0.06418185 -0.06654187
    2    2
  0.30758190  0.00000000   -0.00694823  0.00845474   -0.00694823  0.00845474
 -0.00694823 -0.00845474    0.25280635  0.00000000    0.00707399  0.00000000
 -0.00694823 -0.00845474    0.00707399  0.00000000    0.25280635  0.00000000

     Dynamical  Matrix in cartesian axes

     q = (    0.250000000   0.750000000  -0.750000000 ) 

    1    1
  0.30758190  0.00000000    0.00694823  0.00845474   -0.00694823 -0.00845474
  0.00694823 -0.00845474    0.25280635  0.00000000   -0.00707399  0.00000000
 -0.00694823  0.00845474   -0.00707399  0.00000000    0.25280635  0.00000000
    1    2
 -0.08295565 -0.06364227    0.04278676  0.04011227   -0.04278676 -0.04011227
  0.04278676  0.04011227   -0.06654187 -0.06418185   -0.13647281  0.03987599
 -0.04278676 -0.04011227   -0.13647281  0.03987599   -0.06654187 -0.06418185
    2    1
 -0.08295565  0.06364227    0.04278676 -0.04011227   -0.04278676  0.04011227
  0.04278676 -0.04011227   -0.06654187  0.06418185   -0.13647281 -0.03987599
 -0.04278676  0.04011227   -0.13647281 -0.03987599   -0.06654187  0.06418185
    2    2
  0.30758190  0.00000000    0.00694823 -0.00845474   -0.00694823  0.00845474
  0.00694823  0.00845474    0.25280635  0.00000000   -0.00707399  0.00000000
 -0.00694823 -0.00845474   -0.00707399  0.00000000    0.25280635  0.00000000

     Dynamical  Matrix in cartesian axes

     q = (   -0.250000000  -0.750000000  -0.750000000 ) 

    1    1
  0.30758190  0.00000000    0.00694823  0.00845474    0.00694823  0.00845474
  0.00694823 -0.00845474    0.25280635  0.00000000    0.00707399  0.00000000
  0.00694823 -0.00845474    0.00707399  0.00000000    0.25280635  0.00000000
    1    2
  0.08295565  0.06364227   -0.04278676 -0.04011227   -0.04278676 -0.04011227
 -0.04278676 -0.04011227    0.06654187  0.06418185   -0.13647281  0.03987599
 -0.04278676 -0.04011227   -0.13647281  0.03987599    0.06654187  0.06418185
    2    1
  0.08295565 -0.06364227   -0.04278676  0.04011227   -0.04278676  0.04011227
 -0.04278676  0.04011227    0.06654187 -0.06418185   -0.13647281 -0.03987599
 -0.04278676  0.04011227   -0.13647281 -0.03987599    0.06654187 -0.06418185
    2    2
  0.30758190  0.00000000    0.00694823 -0.00845474    0.00694823 -0.00845474
  0.00694823  0.00845474    0.25280635  0.00000000    0.00707399  0.00000000
  0.00694823  0.00845474    0.00707399  0.00000000    0.25280635  0.00000000

     Dynamical  Matrix in cartesian axes

     q = (    0.750000000   0.750000000  -0.250000000 ) 

    1    1
  0.25280635  0.00000000    0.00707399  0.00000000   -0.00694823  0.00845474
  0.00707399  0.00000000    0.25280635  0.00000000   -0.00694823  0.00845474
 -0.00694823 -0.00845474   -0.00694823 -0.00845474    0.30758190  0.00000000
    1    2
 -0.06418185  0.06654187   -0.03987599 -0.13647281   -0.04011227  0.04278676
 -0.03987599 -0.13647281   -0.06418185  0.06654187   -0.04011227  0.04278676
 -0.04011227  0.04278676   -0.04011227  0.04278676   -0.06364227  0.08295565
    2    1
 -0.06418185 -0.06654187   -0.03987599  0.13647281   -0.04011227 -0.04278676
 -0.03987599  0.13647281   -0.06418185 -0.06654187   -0.04011227 -0.04278676
 -0.04011227 -0.04278676   -0.04011227 -0.04278676   -0.06364227 -0.08295565
    2    2
  0.25280635  0.00000000    0.00707399  0.00000000   -0.00694823 -0.00845474
  0.00707399  0.00000000    0.25280635  0.00000000   -0.00694823 -0.00845474
 -0.00694823  0.00845474   -0.00694823  0.00845474    0.30758190  0.00000000

     Dynamical  Matrix in cartesian axes

     q = (    0.750000000  -0.750000000   0.250000000 ) 

    1    1
  0.25280635  0.00000000   -0.00707399  0.00000000    0.00694823 -0.00845474
 -0.00707399  0.00000000    0.25280635  0.00000000   -0.00694823  0.00845474
  0.00694823  0.00845474   -0.00694823 -0.00845474    0.30758190  0.00000000
    1    2
 -0.06654187 -0.06418185   -0.13647281  0.03987599    0.04278676  0.04011227
 -0.13647281  0.03987599   -0.06654187 -0.06418185   -0.04278676 -0.04011227
  0.04278676  0.04011227   -0.04278676 -0.04011227   -0.08295565 -0.06364227
    2    1
 -0.06654187  0.06418185   -0.13647281 -0.03987599    0.04278676 -0.04011227
 -0.13647281 -0.03987599   -0.06654187  0.06418185   -0.04278676  0.04011227
  0.04278676 -0.04011227   -0.04278676  0.04011227   -0.08295565  0.06364227
    2    2
  0.25280635  0.00000000   -0.00707399  0.00000000    0.00694823  0.00845474
 -0.00707399  0.00000000    0.25280635  0.00000000   -0.00694823 -0.00845474
  0.00694823 -0.00845474   -0.00694823  0.00845474    0.30758190  0.00000000

     Dynamical  Matrix in cartesian axes

     q = (   -0.750000000  -0.750000000  -0.250000000 ) 

    1    1
  0.25280635  0.00000000    0.00707399  0.00000000    0.00694823 -0.00845474
  0.00707399  0.00000000    0.25280635  0.00000000    0.00694823 -0.00845474
  0.00694823  0.00845474    0.00694823  0.00845474    0.30758190  0.00000000
    1    2
  0.06654187  0.06418185   -0.13647281  0.03987599   -0.04278676 -0.04011227
 -0.13647281  0.03987599    0.06654187  0.06418185   -0.04278676 -0.04011227
 -0.04278676 -0.04011227   -0.04278676 -0.04011227    0.08295565  0.06364227
    2    1
  0.06654187 -0.06418185   -0.13647281 -0.03987599   -0.04278676  0.04011227
 -0.13647281 -0.03987599    0.06654187 -0.06418185   -0.04278676  0.04011227
 -0.04278676  0.04011227   -0.04278676  0.04011227    0.08295565 -0.06364227
    2    2
  0.25280635  0.00000000    0.00707399  0.00000000    0.00694823  0.00845474
  0.00707399  0.00000000    0.25280635  0.00000000    0.00694823  0.00845474
  0.00694823 -0.00845474    0.00694823 -0.00845474    0.30758190  0.00000000

     Dynamical  Matrix in cartesian axes

     q = (    0.250000000  -0.750000000   0.750000000 ) 

    1    1
  0.30758190  0.00000000   -0.00694823 -0.00845474    0.00694823  0.00845474
 -0.00694823  0.00845474    0.25280635  0.00000000   -0.00707399  0.00000000
  0.00694823 -0.00845474   -0.00707399  0.00000000    0.25280635  0.00000000
    1    2
 -0.08295565 -0.06364227   -0.04278676 -0.04011227    0.04278676  0.04011227
 -0.04278676 -0.04011227   -0.06654187 -0.06418185   -0.13647281  0.03987599
  0.04278676  0.04011227   -0.13647281  0.03987599   -0.06654187 -0.06418185
    2    1
 -0.08295565  0.06364227   -0.04278676  0.04011227    0.04278676 -0.04011227
 -0.04278676  0.04011227   -0.06654187  0.06418185   -0.13647281 -0.03987599
  0.04278676 -0.04011227   -0.13647281 -0.03987599   -0.06654187  0.06418185
    2    2
  0.30758190  0.00000000   -0.00694823  0.00845474    0.00694823 -0.00845474
 -0.00694823 -0.00845474    0.25280635  0.00000000   -0.00707399  0.00000000
  0.00694823  0.00845474   -0.00707399  0.00000000    0.25280635  0.00000000

     Dynamical  Matrix in cartesian axes

     q = (   -0.750000000  -0.750000000   0.250000000 ) 

    1    1
  0.25280635  0.00000000    0.00707399  0.00000000   -0.00694823 -0.00845474
  0.00707399  0.00000000    0.25280635  0.00000000   -0.00694823 -0.00845474
 -0.00694823  0.00845474   -0.00694823  0.00845474    0.30758190  0.00000000
    1    2
 -0.06418185 -0.06654187   -0.03987599  0.13647281   -0.04011227 -0.04278676
 -0.03987599  0.13647281   -0.06418185 -0.06654187   -0.04011227 -0.04278676
 -0.04011227 -0.04278676   -0.04011227 -0.04278676   -0.06364227 -0.08295565
    2    1
 -0.06418185  0.06654187   -0.03987599 -0.13647281   -0.04011227  0.04278676
 -0.03987599 -0.13647281   -0.06418185  0.06654187   -0.04011227  0.04278676
 -0.04011227  0.04278676   -0.04011227  0.04278676   -0.06364227  0.08295565
    2    2
  0.25280635  0.00000000    0.00707399  0.00000000   -0.00694823  0.00845474
  0.00707399  0.00000000    0.25280635  0.00000000   -0.00694823  0.00845474
 -0.00694823 -0.00845474   -0.00694823 -0.00845474    0.30758190  0.00000000

     Dynamical  Matrix in cartesian axes

     q = (    0.250000000   0.750000000   0.750000000 ) 

    1    1
  0.30758190  0.00000000    0.00694823 -0.00845474    0.00694823 -0.00845474
  0.00694823  0.00845474    0.25280635  0.00000000    0.00707399  0.00000000
  0.00694823  0.00845474    0.00707399  0.00000000    0.25280635  0.00000000
    1    2
  0.08295565 -0.06364227   -0.04278676  0.04011227   -0.04278676  0.04011227
 -0.04278676  0.04011227    0.06654187 -0.06418185   -0.13647281 -0.03987599
 -0.04278676  0.04011227   -0.13647281 -0.03987599    0.06654187 -0.06418185
    2    1
  0.08295565  0.06364227   -0.04278676 -0.04011227   -0.04278676 -0.04011227
 -0.04278676 -0.04011227    0.06654187  0.06418185   -0.13647281  0.03987599
 -0.04278676 -0.04011227   -0.13647281  0.03987599    0.06654187  0.06418185
    2    2
  0.30758190  0.00000000    0.00694823  0.00845474    0.00694823  0.00845474
  0.00694823 -0.00845474    0.25280635  0.00000000    0.00707399  0.00000000
  0.00694823 -0.00845474    0.00707399  0.00000000    0.25280635  0.00000000

     Dynamical  Matrix in cartesian axes

     q = (   -0.250000000  -0.750000000   0.750000000 ) 

    1    1
  0.30758190  0.00000000    0.00694823 -0.00845474   -0.00694823  0.00845474
  0.00694823  0.00845474    0.25280635  0.00000000   -0.00707399  0.00000000
 -0.00694823 -0.00845474   -0.00707399  0.00000000    0.25280635  0.00000000
    1    2
 -0.08295565  0.06364227    0.04278676 -0.04011227   -0.04278676  0.04011227
  0.04278676 -0.04011227   -0.06654187  0.06418185   -0.13647281 -0.03987599
 -0.04278676  0.04011227   -0.13647281 -0.03987599   -0.06654187  0.06418185
    2    1
 -0.08295565 -0.06364227    0.04278676  0.04011227   -0.04278676 -0.04011227
  0.04278676  0.04011227   -0.06654187 -0.06418185   -0.13647281  0.03987599
 -0.04278676 -0.04011227   -0.13647281  0.03987599   -0.06654187 -0.06418185
    2    2
  0.30758190  0.00000000    0.00694823  0.00845474   -0.00694823 -0.00845474
  0.00694823 -0.00845474    0.25280635  0.00000000   -0.00707399  0.00000000
 -0.00694823  0.00845474   -0.00707399  0.00000000    0.25280635  0.00000000

     Dynamical  Matrix in cartesian axes

     q = (    0.750000000   0.750000000   0.250000000 ) 

    1    1
  0.25280635  0.00000000    0.00707399  0.00000000    0.00694823  0.00845474
  0.00707399  0.00000000    0.25280635  0.00000000    0.00694823  0.00845474
  0.00694823 -0.00845474    0.00694823 -0.00845474    0.30758190  0.00000000
    1    2
  0.06654187 -0.06418185   -0.13647281 -0.03987599   -0.04278676  0.04011227
 -0.13647281 -0.03987599    0.06654187 -0.06418185   -0.04278676  0.04011227
 -0.04278676  0.04011227   -0.04278676  0.04011227    0.08295565 -0.06364227
    2    1
  0.06654187  0.06418185   -0.13647281  0.03987599   -0.04278676 -0.04011227
 -0.13647281  0.03987599    0.06654187  0.06418185   -0.04278676 -0.04011227
 -0.04278676 -0.04011227   -0.04278676 -0.04011227    0.08295565  0.06364227
    2    2
  0.25280635  0.00000000    0.00707399  0.00000000    0.00694823 -0.00845474
  0.00707399  0.00000000    0.25280635  0.00000000    0.00694823 -0.00845474
  0.00694823  0.00845474    0.00694823  0.00845474    0.30758190  0.00000000

     Dynamical  Matrix in cartesian axes

     q = (    0.250000000  -0.750000000  -0.750000000 ) 

    1    1
  0.30758190  0.00000000   -0.00694823  0.00845474   -0.00694823  0.00845474
 -0.00694823 -0.00845474    0.25280635  0.00000000    0.00707399  0.00000000
 -0.00694823 -0.00845474    0.00707399  0.00000000    0.25280635  0.00000000
    1    2
 -0.06364227 -0.08295565   -0.04011227 -0.04278676   -0.04011227 -0.04278676
 -0.04011227 -0.04278676   -0.06418185 -0.06654187   -0.03987599  0.13647281
 -0.04011227 -0.04278676   -0.03987599  0.13647281   -0.06418185 -0.06654187
    2    1
 -0.06364227  0.08295565   -0.04011227  0.04278676   -0.04011227  0.04278676
 -0.04011227  0.04278676   -0.06418185  0.06654187   -0.03987599 -0.13647281
 -0.04011227  0.04278676   -0.03987599 -0.13647281   -0.06418185  0.06654187
    2    2
  0.30758190  0.00000000   -0.00694823 -0.00845474   -0.00694823 -0.00845474
 -0.00694823  0.00845474    0.25280635  0.00000000    0.00707399  0.00000000
 -0.00694823  0.00845474    0.00707399  0.00000000    0.25280635  0.00000000

     Dynamical  Matrix in cartesian axes

     q = (    0.750000000  -0.750000000  -0.250000000 ) 

    1    1
  0.25280635  0.00000000   -0.00707399  0.00000000   -0.00694823 -0.00845474
 -0.00707399  0.00000000    0.25280635  0.00000000    0.00694823  0.00845474
 -0.00694823  0.00845474    0.00694823 -0.00845474    0.30758190  0.00000000
    1    2
 -0.06654187  0.06418185   -0.13647281 -0.03987599   -0.04278676  0.04011227
 -0.13647281 -0.03987599   -0.06654187  0.06418185    0.04278676 -0.04011227
 -0.04278676  0.04011227    0.04278676 -0.04011227   -0.08295565  0.06364227
    2    1
 -0.06654187 -0.06418185   -0.13647281  0.03987599   -0.04278676 -0.04011227
 -0.13647281  0.03987599   -0.06654187 -0.06418185    0.04278676  0.04011227
 -0.04278676 -0.04011227    0.04278676  0.04011227   -0.08295565 -0.06364227
    2    2
  0.25280635  0.00000000   -0.00707399  0.00000000   -0.00694823  0.00845474
 -0.00707399  0.00000000    0.25280635  0.00000000    0.00694823 -0.00845474
 -0.00694823 -0.00845474    0.00694823  0.00845474    0.30758190  0.00000000

     Diagonalizing the dynamical matrix

     q = (    0.750000000  -0.250000000   0.750000000 ) 

 **************************************************************************
     freq (    1) =       4.177063 [THz] =     139.331820 [cm-1]
 ( -0.059438  0.496455  0.000000  0.000000  0.059438 -0.496455 ) 
 ( -0.500000  0.000000 -0.000000  0.000000  0.500000  0.000000 ) 
     freq (    2) =       6.163045 [THz] =     205.577044 [cm-1]
 ( -0.395744 -0.141037 -0.350865  0.154548 -0.395744 -0.141037 ) 
 ( -0.420124  0.000000 -0.278621 -0.263365 -0.420124  0.000000 ) 
     freq (    3) =       9.519299 [THz] =     317.529644 [cm-1]
 ( -0.087989  0.302902 -0.401176 -0.374266 -0.087989  0.302902 ) 
 (  0.315423 -0.000000 -0.247500 -0.489654  0.315423  0.000000 ) 
     freq (    4) =      12.273798 [THz] =     409.409846 [cm-1]
 ( -0.117549 -0.317197  0.408715  0.322628 -0.117549 -0.317197 ) 
 (  0.338277 -0.000000 -0.444548 -0.271134  0.338277  0.000000 ) 
     freq (    5) =      13.796416 [THz] =     460.198896 [cm-1]
 ( -0.059438  0.496455  0.000000  0.000000  0.059438 -0.496455 ) 
 (  0.500000 -0.000000 -0.000000 -0.000000 -0.500000  0.000000 ) 
     freq (    6) =      14.163133 [THz] =     472.431269 [cm-1]
 (  0.298304  0.143481  0.480719 -0.223081  0.298304  0.143481 ) 
 ( -0.331017  0.000000 -0.336515 -0.409406 -0.331017  0.000000 ) 
 **************************************************************************
