Dynamical matrix file
Ph                                                                         
  1    2  2 10.2000000  0.0000000  0.0000000  0.0000000  0.0000000  0.0000000
           1  'Si  '    25598.8229845270     
    1    1      0.0000000000      0.0000000000      0.0000000000
    2    1      0.2500000000      0.2500000000      0.2500000000

     Dynamical  Matrix in cartesian axes

     q = (    0.750000000  -0.250000000   0.750000000 ) 

    1    1
  0.25280638  0.00000000   -0.00694783  0.00845408    0.00707402  0.00000000
 -0.00694783 -0.00845408    0.30758043  0.00000000   -0.00694783 -0.00845408
  0.00707402  0.00000000   -0.00694783  0.00845408    0.25280638  0.00000000
    1    2
 -0.06418195  0.06654238   -0.04011262  0.04278683   -0.03987605 -0.13647232
 -0.04011262  0.04278683   -0.06364341  0.08295385   -0.04011262  0.04278683
 -0.03987605 -0.13647232   -0.04011262  0.04278683   -0.06418195  0.06654238
    2    1
 -0.06418195 -0.06654238   -0.04011262 -0.04278683   -0.03987605  0.13647232
 -0.04011262 -0.04278683   -0.06364341 -0.08295385   -0.04011262 -0.04278683
 -0.03987605  0.13647232   -0.04011262 -0.04278683   -0.06418195 -0.06654238
    2    2
  0.25280638  0.00000000   -0.00694783 -0.00845408    0.00707402  0.00000000
 -0.00694783  0.00845408    0.30758043  0.00000000   -0.00694783  0.00845408
  0.00707402  0.00000000   -0.00694783 -0.00845408    0.25280638  0.00000000

     Dynamical  Matrix in cartesian axes

     q = (    0.750000000  -0.250000000  -0.750000000 ) 

    1    1
  0.25280638  0.00000000   -0.00694783 -0.00845408   -0.00707402  0.00000000
 -0.00694783  0.00845408    0.30758043  0.00000000    0.00694783 -0.00845408
 -0.00707402  0.00000000    0.00694783  0.00845408    0.25280638  0.00000000
    1    2
 -0.06654238  0.06418195   -0.04278683  0.04011262   -0.13647232 -0.03987605
 -0.04278683  0.04011262   -0.08295385  0.06364341    0.04278683 -0.04011262
 -0.13647232 -0.03987605    0.04278683 -0.04011262   -0.06654238  0.06418195
    2    1
 -0.06654238 -0.06418195   -0.04278683 -0.04011262   -0.13647232  0.03987605
 -0.04278683 -0.04011262   -0.08295385 -0.06364341    0.04278683  0.04011262
 -0.13647232  0.03987605    0.04278683  0.04011262   -0.06654238 -0.06418195
    2    2
  0.25280638  0.00000000   -0.00694783  0.00845408   -0.00707402  0.00000000
 -0.00694783 -0.00845408    0.30758043  0.00000000    0.00694783  0.00845408
 -0.00707402  0.00000000    0.00694783 -0.00845408    0.25280638  0.00000000

     Dynamical  Matrix in cartesian axes

     q = (   -0.750000000  -0.250000000  -0.750000000 ) 

    1    1
  0.25280638  0.00000000    0.00694783 -0.00845408    0.00707402  0.00000000
  0.00694783  0.00845408    0.30758043  0.00000000    0.00694783  0.00845408
  0.00707402  0.00000000    0.00694783 -0.00845408    0.25280638  0.00000000
    1    2
  0.06654238  0.06418195   -0.04278683 -0.04011262   -0.13647232  0.03987605
 -0.04278683 -0.04011262    0.08295385  0.06364341   -0.04278683 -0.04011262
 -0.13647232  0.03987605   -0.04278683 -0.04011262    0.06654238  0.06418195
    2    1
  0.06654238 -0.06418195   -0.04278683  0.04011262   -0.13647232 -0.03987605
 -0.04278683  0.04011262    0.08295385 -0.06364341   -0.04278683  0.04011262
 -0.13647232 -0.03987605   -0.04278683  0.04011262    0.06654238 -0.06418195
    2    2
  0.25280638  0.00000000    0.00694783  0.00845408    0.00707402  0.00000000
  0.00694783 -0.00845408    0.30758043  0.00000000    0.00694783 -0.00845408
  0.00707402  0.00000000    0.00694783  0.00845408    0.25280638  0.00000000

     Dynamical  Matrix in cartesian axes

     q = (   -0.750000000  -0.250000000   0.750000000 ) 

    1    1
  0.25280638  0.00000000    0.00694783  0.00845408   -0.00707402  0.00000000
  0.00694783 -0.00845408    0.30758043  0.00000000   -0.00694783  0.00845408
 -0.00707402  0.00000000   -0.00694783 -0.00845408    0.25280638  0.00000000
    1    2
 -0.06654238  0.06418195    0.04278683 -0.04011262   -0.13647232 -0.03987605
  0.04278683 -0.04011262   -0.08295385  0.06364341   -0.04278683  0.04011262
 -0.13647232 -0.03987605   -0.04278683  0.04011262   -0.06654238  0.06418195
    2    1
 -0.06654238 -0.06418195    0.04278683  0.04011262   -0.13647232  0.03987605
  0.04278683  0.04011262   -0.08295385 -0.06364341   -0.04278683 -0.04011262
 -0.13647232  0.03987605   -0.04278683 -0.04011262   -0.06654238 -0.06418195
    2    2
  0.25280638  0.00000000    0.00694783 -0.00845408   -0.00707402  0.00000000
  0.00694783  0.00845408    0.30758043  0.00000000   -0.00694783 -0.00845408
 -0.00707402  0.00000000   -0.00694783  0.00845408    0.25280638  0.00000000

     Dynamical  Matrix in cartesian axes

     q = (   -0.750000000   0.250000000  -0.750000000 ) 

    1    1
  0.25280638  0.00000000   -0.00694783 -0.00845408    0.00707402  0.00000000
 -0.00694783  0.00845408    0.30758043  0.00000000   -0.00694783  0.00845408
  0.00707402  0.00000000   -0.00694783 -0.00845408    0.25280638  0.00000000
    1    2
 -0.06418195 -0.06654238   -0.04011262 -0.04278683   -0.03987605  0.13647232
 -0.04011262 -0.04278683   -0.06364341 -0.08295385   -0.04011262 -0.04278683
 -0.03987605  0.13647232   -0.04011262 -0.04278683   -0.06418195 -0.06654238
    2    1
 -0.06418195  0.06654238   -0.04011262  0.04278683   -0.03987605 -0.13647232
 -0.04011262  0.04278683   -0.06364341  0.08295385   -0.04011262  0.04278683
 -0.03987605 -0.13647232   -0.04011262  0.04278683   -0.06418195  0.06654238
    2    2
  0.25280638  0.00000000   -0.00694783  0.00845408    0.00707402  0.00000000
 -0.00694783 -0.00845408    0.30758043  0.00000000   -0.00694783 -0.00845408
  0.00707402  0.00000000   -0.00694783  0.00845408    0.25280638  0.00000000

     Dynamical  Matrix in cartesian axes

     q = (   -0.250000000   0.750000000  -0.750000000 ) 

    1    1
  0.30758043  0.00000000   -0.00694783  0.00845408    0.00694783 -0.00845408
 -0.00694783 -0.00845408    0.25280638  0.00000000   -0.00707402  0.00000000
  0.00694783  0.00845408   -0.00707402  0.00000000    0.25280638  0.00000000
    1    2
 -0.08295385  0.06364341   -0.04278683  0.04011262    0.04278683 -0.04011262
 -0.04278683  0.04011262   -0.06654238  0.06418195   -0.13647232 -0.03987605
  0.04278683 -0.04011262   -0.13647232 -0.03987605   -0.06654238  0.06418195
    2    1
 -0.08295385 -0.06364341   -0.04278683 -0.04011262    0.04278683  0.04011262
 -0.04278683 -0.04011262   -0.06654238 -0.06418195   -0.13647232  0.03987605
  0.04278683  0.04011262   -0.13647232  0.03987605   -0.06654238 -0.06418195
    2    2
  0.30758043  0.00000000   -0.00694783 -0.00845408    0.00694783  0.00845408
 -0.00694783  0.00845408    0.25280638  0.00000000   -0.00707402  0.00000000
  0.00694783 -0.00845408   -0.00707402  0.00000000    0.25280638  0.00000000

     Dynamical  Matrix in cartesian axes

     q = (   -0.750000000   0.750000000  -0.250000000 ) 

    1    1
  0.25280638  0.00000000   -0.00707402  0.00000000    0.00694783  0.00845408
 -0.00707402  0.00000000    0.25280638  0.00000000   -0.00694783 -0.00845408
  0.00694783 -0.00845408   -0.00694783  0.00845408    0.30758043  0.00000000
    1    2
 -0.06654238  0.06418195   -0.13647232 -0.03987605    0.04278683 -0.04011262
 -0.13647232 -0.03987605   -0.06654238  0.06418195   -0.04278683  0.04011262
  0.04278683 -0.04011262   -0.04278683  0.04011262   -0.08295385  0.06364341
    2    1
 -0.06654238 -0.06418195   -0.13647232  0.03987605    0.04278683  0.04011262
 -0.13647232  0.03987605   -0.06654238 -0.06418195   -0.04278683 -0.04011262
  0.04278683  0.04011262   -0.04278683 -0.04011262   -0.08295385 -0.06364341
    2    2
  0.25280638  0.00000000   -0.00707402  0.00000000    0.00694783 -0.00845408
 -0.00707402  0.00000000    0.25280638  0.00000000   -0.00694783  0.00845408
  0.00694783  0.00845408   -0.00694783 -0.00845408    0.30758043  0.00000000

     Dynamical  Matrix in cartesian axes

     q = (    0.750000000   0.250000000   0.750000000 ) 

    1    1
  0.25280638  0.00000000    0.00694783  0.00845408    0.00707402  0.00000000
  0.00694783 -0.00845408    0.30758043  0.00000000    0.00694783 -0.00845408
  0.00707402  0.00000000    0.00694783  0.00845408    0.25280638  0.00000000
    1    2
  0.06654238 -0.06418195   -0.04278683  0.04011262   -0.13647232 -0.03987605
 -0.04278683  0.04011262    0.08295385 -0.06364341   -0.04278683  0.04011262
 -0.13647232 -0.03987605   -0.04278683  0.04011262    0.06654238 -0.06418195
    2    1
  0.06654238  0.06418195   -0.04278683 -0.04011262   -0.13647232  0.03987605
 -0.04278683 -0.04011262    0.08295385  0.06364341   -0.04278683 -0.04011262
 -0.13647232  0.03987605   -0.04278683 -0.04011262    0.06654238  0.06418195
    2    2
  0.25280638  0.00000000    0.00694783 -0.00845408    0.00707402  0.00000000
  0.00694783  0.00845408    0.30758043  0.00000000    0.00694783  0.00845408
  0.00707402  0.00000000    0.00694783 -0.00845408    0.25280638  0.00000000

     Dynamical  Matrix in cartesian axes

     q = (   -0.750000000   0.250000000   0.750000000 ) 

    1    1
  0.25280638  0.00000000   -0.00694783  0.00845408   -0.00707402  0.00000000
 -0.00694783 -0.00845408    0.30758043  0.00000000    0.00694783  0.00845408
 -0.00707402  0.00000000    0.00694783 -0.00845408    0.25280638  0.00000000
    1    2
 -0.06654238 -0.06418195   -0.04278683 -0.04011262   -0.13647232  0.03987605
 -0.04278683 -0.04011262   -0.08295385 -0.06364341    0.04278683  0.04011262
 -0.13647232  0.03987605    0.04278683  0.04011262   -0.06654238 -0.06418195
    2    1
 -0.06654238  0.06418195   -0.04278683  0.04011262   -0.13647232 -0.03987605
 -0.04278683  0.04011262   -0.08295385  0.06364341    0.04278683 -0.04011262
 -0.13647232 -0.03987605    0.04278683 -0.04011262   -0.06654238  0.06418195
    2    2
  0.25280638  0.00000000   -0.00694783 -0.00845408   -0.00707402  0.00000000
 -0.00694783  0.00845408    0.30758043  0.00000000    0.00694783 -0.00845408
 -0.00707402  0.00000000    0.00694783  0.00845408    0.25280638  0.00000000

     Dynamical  Matrix in cartesian axes

     q = (    0.750000000   0.250000000  -0.750000000 ) 

    1    1
  0.25280638  0.00000000    0.00694783 -0.00845408   -0.00707402  0.00000000
  0.00694783  0.00845408    0.30758043  0.00000000   -0.00694783 -0.00845408
 -0.00707402  0.00000000   -0.00694783  0.00845408    0.25280638  0.00000000
    1    2
 -0.06654238 -0.06418195    0.04278683  0.04011262   -0.13647232  0.03987605
  0.04278683  0.04011262   -0.08295385 -0.06364341   -0.04278683 -0.04011262
 -0.13647232  0.03987605   -0.04278683 -0.04011262   -0.06654238 -0.06418195
    2    1
 -0.06654238  0.06418195    0.04278683 -0.04011262   -0.13647232 -0.03987605
  0.04278683 -0.04011262   -0.08295385  0.06364341   -0.04278683  0.04011262
 -0.13647232 -0.03987605   -0.04278683  0.04011262   -0.06654238  0.06418195
    2    2
  0.25280638  0.00000000    0.00694783  0.00845408   -0.00707402  0.00000000
  0.00694783 -0.00845408    0.30758043  0.00000000   -0.00694783  0.00845408
 -0.00707402  0.00000000   -0.00694783 -0.00845408    0.25280638  0.00000000

     Dynamical  Matrix in cartesian axes

     q = (   -0.750000000   0.750000000   0.250000000 ) 

    1    1
  0.25280638  0.00000000   -0.00707402  0.00000000   -0.00694783  0.00845408
 -0.00707402  0.00000000    0.25280638  0.00000000    0.00694783 -0.00845408
 -0.00694783 -0.00845408    0.00694783  0.00845408    0.30758043  0.00000000
    1    2
 -0.06654238 -0.06418195   -0.13647232  0.03987605   -0.04278683 -0.04011262
 -0.13647232  0.03987605   -0.06654238 -0.06418195    0.04278683  0.04011262
 -0.04278683 -0.04011262    0.04278683  0.04011262   -0.08295385 -0.06364341
    2    1
 -0.06654238  0.06418195   -0.13647232 -0.03987605   -0.04278683  0.04011262
 -0.13647232 -0.03987605   -0.06654238  0.06418195    0.04278683 -0.04011262
 -0.04278683  0.04011262    0.04278683 -0.04011262   -0.08295385  0.06364341
    2    2
  0.25280638  0.00000000   -0.00707402  0.00000000   -0.00694783 -0.00845408
 -0.00707402  0.00000000    0.25280638  0.00000000    0.00694783  0.00845408
 -0.00694783  0.00845408    0.00694783 -0.00845408    0.30758043  0.00000000

     Dynamical  Matrix in cartesian axes

     q = (   -0.250000000   0.750000000   0.750000000 ) 

    1    1
  0.30758043  0.00000000   -0.00694783 -0.00845408   -0.00694783 -0.00845408
 -0.00694783  0.00845408    0.25280638  0.00000000    0.00707402  0.00000000
 -0.00694783  0.00845408    0.00707402  0.00000000    0.25280638  0.00000000
    1    2
 -0.06364341  0.08295385   -0.04011262  0.04278683   -0.04011262  0.04278683
 -0.04011262  0.04278683   -0.06418195  0.06654238   -0.03987605 -0.13647232
 -0.04011262  0.04278683   -0.03987605 -0.13647232   -0.06418195  0.06654238
    2    1
 -0.06364341 -0.08295385   -0.04011262 -0.04278683   -0.04011262 -0.04278683
 -0.04011262 -0.04278683   -0.06418195 -0.06654238   -0.03987605  0.13647232
 -0.04011262 -0.04278683   -0.03987605  0.13647232   -0.06418195 -0.06654238
    2    2
  0.30758043  0.00000000   -0.00694783  0.00845408   -0.00694783  0.00845408
 -0.00694783 -0.00845408    0.25280638  0.00000000    0.00707402  0.00000000
 -0.00694783 -0.00845408    0.00707402  0.00000000    0.25280638  0.00000000

     Dynamical  Matrix in cartesian axes

     q = (    0.250000000   0.750000000  -0.750000000 ) 

    1    1
  0.30758043  0.00000000    0.00694783  0.00845408   -0.00694783 -0.00845408
  0.00694783 -0.00845408    0.25280638  0.00000000   -0.00707402  0.00000000
 -0.00694783  0.00845408   -0.00707402  0.00000000    0.25280638  0.00000000
    1    2
 -0.08295385 -0.06364341    0.04278683  0.04011262   -0.04278683 -0.04011262
  0.04278683  0.04011262   -0.06654238 -0.06418195   -0.13647232  0.03987605
 -0.04278683 -0.04011262   -0.13647232  0.03987605   -0.06654238 -0.06418195
    2    1
 -0.08295385  0.06364341    0.04278683 -0.04011262   -0.04278683  0.04011262
  0.04278683 -0.04011262   -0.06654238  0.06418195   -0.13647232 -0.03987605
 -0.04278683  0.04011262   -0.13647232 -0.03987605   -0.06654238  0.06418195
    2    2
  0.30758043  0.00000000    0.00694783 -0.00845408   -0.00694783  0.00845408
  0.00694783  0.00845408    0.25280638  0.00000000   -0.00707402  0.00000000
 -0.00694783 -0.00845408   -0.00707402  0.00000000    0.25280638  0.00000000

     Dynamical  Matrix in cartesian axes

     q = (   -0.250000000  -0.750000000  -0.750000000 ) 

    1    1
  0.30758043  0.00000000    0.00694783  0.00845408    0.00694783  0.00845408
  0.00694783 -0.00845408    0.25280638  0.00000000    0.00707402  0.00000000
  0.00694783 -0.00845408    0.00707402  0.00000000    0.25280638  0.00000000
    1    2
  0.08295385  0.06364341   -0.04278683 -0.04011262   -0.04278683 -0.04011262
 -0.04278683 -0.04011262    0.06654238  0.06418195   -0.13647232  0.03987605
 -0.04278683 -0.04011262   -0.13647232  0.03987605    0.06654238  0.06418195
    2    1
  0.08295385 -0.06364341   -0.04278683  0.04011262   -0.04278683  0.04011262
 -0.04278683  0.04011262    0.06654238 -0.06418195   -0.13647232 -0.03987605
 -0.04278683  0.04011262   -0.13647232 -0.03987605    0.06654238 -0.06418195
    2    2
  0.30758043  0.00000000    0.00694783 -0.00845408    0.00694783 -0.00845408
  0.00694783  0.00845408    0.25280638  0.00000000    0.00707402  0.00000000
  0.00694783  0.00845408    0.00707402  0.00000000    0.25280638  0.00000000

     Dynamical  Matrix in cartesian axes

     q = (    0.750000000   0.750000000  -0.250000000 ) 

    1    1
  0.25280638  0.00000000    0.00707402  0.00000000   -0.00694783  0.00845408
  0.00707402  0.00000000    0.25280638  0.00000000   -0.00694783  0.00845408
 -0.00694783 -0.00845408   -0.00694783 -0.00845408    0.30758043  0.00000000
    1    2
 -0.06418195  0.06654238   -0.03987605 -0.13647232   -0.04011262  0.04278683
 -0.03987605 -0.13647232   -0.06418195  0.06654238   -0.04011262  0.04278683
 -0.04011262  0.04278683   -0.04011262  0.04278683   -0.06364341  0.08295385
    2    1
 -0.06418195 -0.06654238   -0.03987605  0.13647232   -0.04011262 -0.04278683
 -0.03987605  0.13647232   -0.06418195 -0.06654238   -0.04011262 -0.04278683
 -0.04011262 -0.04278683   -0.04011262 -0.04278683   -0.06364341 -0.08295385
    2    2
  0.25280638  0.00000000    0.00707402  0.00000000   -0.00694783 -0.00845408
  0.00707402  0.00000000    0.25280638  0.00000000   -0.00694783 -0.00845408
 -0.00694783  0.00845408   -0.00694783  0.00845408    0.30758043  0.00000000

     Dynamical  Matrix in cartesian axes

     q = (    0.750000000  -0.750000000   0.250000000 ) 

    1    1
  0.25280638  0.00000000   -0.00707402  0.00000000    0.00694783 -0.00845408
 -0.00707402  0.00000000    0.25280638  0.00000000   -0.00694783  0.00845408
  0.00694783  0.00845408   -0.00694783 -0.00845408    0.30758043  0.00000000
    1    2
 -0.06654238 -0.06418195   -0.13647232  0.03987605    0.04278683  0.04011262
 -0.13647232  0.03987605   -0.06654238 -0.06418195   -0.04278683 -0.04011262
  0.04278683  0.04011262   -0.04278683 -0.04011262   -0.08295385 -0.06364341
    2    1
 -0.06654238  0.06418195   -0.13647232 -0.03987605    0.04278683 -0.04011262
 -0.13647232 -0.03987605   -0.06654238  0.06418195   -0.04278683  0.04011262
  0.04278683 -0.04011262   -0.04278683  0.04011262   -0.08295385  0.06364341
    2    2
  0.25280638  0.00000000   -0.00707402  0.00000000    0.00694783  0.00845408
 -0.00707402  0.00000000    0.25280638  0.00000000   -0.00694783 -0.00845408
  0.00694783 -0.00845408   -0.00694783  0.00845408    0.30758043  0.00000000

     Dynamical  Matrix in cartesian axes

     q = (   -0.750000000  -0.750000000  -0.250000000 ) 

    1    1
  0.25280638  0.00000000    0.00707402  0.00000000    0.00694783 -0.00845408
  0.00707402  0.00000000    0.25280638  0.00000000    0.00694783 -0.00845408
  0.00694783  0.00845408    0.00694783  0.00845408    0.30758043  0.00000000
    1    2
  0.06654238  0.06418195   -0.13647232  0.03987605   -0.04278683 -0.04011262
 -0.13647232  0.03987605    0.06654238  0.06418195   -0.04278683 -0.04011262
 -0.04278683 -0.04011262   -0.04278683 -0.04011262    0.08295385  0.06364341
    2    1
  0.06654238 -0.06418195   -0.13647232 -0.03987605   -0.04278683  0.04011262
 -0.13647232 -0.03987605    0.06654238 -0.06418195   -0.04278683  0.04011262
 -0.04278683  0.04011262   -0.04278683  0.04011262    0.08295385 -0.06364341
    2    2
  0.25280638  0.00000000    0.00707402  0.00000000    0.00694783  0.00845408
  0.00707402  0.00000000    0.25280638  0.00000000    0.00694783  0.00845408
  0.00694783 -0.00845408    0.00694783 -0.00845408    0.30758043  0.00000000

     Dynamical  Matrix in cartesian axes

     q = (    0.250000000  -0.750000000   0.750000000 ) 

    1    1
  0.30758043  0.00000000   -0.00694783 -0.00845408    0.00694783  0.00845408
 -0.00694783  0.00845408    0.25280638  0.00000000   -0.00707402  0.00000000
  0.00694783 -0.00845408   -0.00707402  0.00000000    0.25280638  0.00000000
    1    2
 -0.08295385 -0.06364341   -0.04278683 -0.04011262    0.04278683  0.04011262
 -0.04278683 -0.04011262   -0.06654238 -0.06418195   -0.13647232  0.03987605
  0.04278683  0.04011262   -0.13647232  0.03987605   -0.06654238 -0.06418195
    2    1
 -0.08295385  0.06364341   -0.04278683  0.04011262    0.04278683 -0.04011262
 -0.04278683  0.04011262   -0.06654238  0.06418195   -0.13647232 -0.03987605
  0.04278683 -0.04011262   -0.13647232 -0.03987605   -0.06654238  0.06418195
    2    2
  0.30758043  0.00000000   -0.00694783  0.00845408    0.00694783 -0.00845408
 -0.00694783 -0.00845408    0.25280638  0.00000000   -0.00707402  0.00000000
  0.00694783  0.00845408   -0.00707402  0.00000000    0.25280638  0.00000000

     Dynamical  Matrix in cartesian axes

     q = (   -0.750000000  -0.750000000   0.250000000 ) 

    1    1
  0.25280638  0.00000000    0.00707402  0.00000000   -0.00694783 -0.00845408
  0.00707402  0.00000000    0.25280638  0.00000000   -0.00694783 -0.00845408
 -0.00694783  0.00845408   -0.00694783  0.00845408    0.30758043  0.00000000
    1    2
 -0.06418195 -0.06654238   -0.03987605  0.13647232   -0.04011262 -0.04278683
 -0.03987605  0.13647232   -0.06418195 -0.06654238   -0.04011262 -0.04278683
 -0.04011262 -0.04278683   -0.04011262 -0.04278683   -0.06364341 -0.08295385
    2    1
 -0.06418195  0.06654238   -0.03987605 -0.13647232   -0.04011262  0.04278683
 -0.03987605 -0.13647232   -0.06418195  0.06654238   -0.04011262  0.04278683
 -0.04011262  0.04278683   -0.04011262  0.04278683   -0.06364341  0.08295385
    2    2
  0.25280638  0.00000000    0.00707402  0.00000000   -0.00694783  0.00845408
  0.00707402  0.00000000    0.25280638  0.00000000   -0.00694783  0.00845408
 -0.00694783 -0.00845408   -0.00694783 -0.00845408    0.30758043  0.00000000

     Dynamical  Matrix in cartesian axes

     q = (    0.250000000   0.750000000   0.750000000 ) 

    1    1
  0.30758043  0.00000000    0.00694783 -0.00845408    0.00694783 -0.00845408
  0.00694783  0.00845408    0.25280638  0.00000000    0.00707402  0.00000000
  0.00694783  0.00845408    0.00707402  0.00000000    0.25280638  0.00000000
    1    2
  0.08295385 -0.06364341   -0.04278683  0.04011262   -0.04278683  0.04011262
 -0.04278683  0.04011262    0.06654238 -0.06418195   -0.13647232 -0.03987605
 -0.04278683  0.04011262   -0.13647232 -0.03987605    0.06654238 -0.06418195
    2    1
  0.08295385  0.06364341   -0.04278683 -0.04011262   -0.04278683 -0.04011262
 -0.04278683 -0.04011262    0.06654238  0.06418195   -0.13647232  0.03987605
 -0.04278683 -0.04011262   -0.13647232  0.03987605    0.06654238  0.06418195
    2    2
  0.30758043  0.00000000    0.00694783  0.00845408    0.00694783  0.00845408
  0.00694783 -0.00845408    0.25280638  0.00000000    0.00707402  0.00000000
  0.00694783 -0.00845408    0.00707402  0.00000000    0.25280638  0.00000000

     Dynamical  Matrix in cartesian axes

     q = (   -0.250000000  -0.750000000   0.750000000 ) 

    1    1
  0.30758043  0.00000000    0.00694783 -0.00845408   -0.00694783  0.00845408
  0.00694783  0.00845408    0.25280638  0.00000000   -0.00707402  0.00000000
 -0.00694783 -0.00845408   -0.00707402  0.00000000    0.25280638  0.00000000
    1    2
 -0.08295385  0.06364341    0.04278683 -0.04011262   -0.04278683  0.04011262
  0.04278683 -0.04011262   -0.06654238  0.06418195   -0.13647232 -0.03987605
 -0.04278683  0.04011262   -0.13647232 -0.03987605   -0.06654238  0.06418195
    2    1
 -0.08295385 -0.06364341    0.04278683  0.04011262   -0.04278683 -0.04011262
  0.04278683  0.04011262   -0.06654238 -0.06418195   -0.13647232  0.03987605
 -0.04278683 -0.04011262   -0.13647232  0.03987605   -0.06654238 -0.06418195
    2    2
  0.30758043  0.00000000    0.00694783  0.00845408   -0.00694783 -0.00845408
  0.00694783 -0.00845408    0.25280638  0.00000000   -0.00707402  0.00000000
 -0.00694783  0.00845408   -0.00707402  0.00000000    0.25280638  0.00000000

     Dynamical  Matrix in cartesian axes

     q = (    0.750000000   0.750000000   0.250000000 ) 

    1    1
  0.25280638  0.00000000    0.00707402  0.00000000    0.00694783  0.00845408
  0.00707402  0.00000000    0.25280638  0.00000000    0.00694783  0.00845408
  0.00694783 -0.00845408    0.00694783 -0.00845408    0.30758043  0.00000000
    1    2
  0.06654238 -0.06418195   -0.13647232 -0.03987605   -0.04278683  0.04011262
 -0.13647232 -0.03987605    0.06654238 -0.06418195   -0.04278683  0.04011262
 -0.04278683  0.04011262   -0.04278683  0.04011262    0.08295385 -0.06364341
    2    1
  0.06654238  0.06418195   -0.13647232  0.03987605   -0.04278683 -0.04011262
 -0.13647232  0.03987605    0.06654238  0.06418195   -0.04278683 -0.04011262
 -0.04278683 -0.04011262   -0.04278683 -0.04011262    0.08295385  0.06364341
    2    2
  0.25280638  0.00000000    0.00707402  0.00000000    0.00694783 -0.00845408
  0.00707402  0.00000000    0.25280638  0.00000000    0.00694783 -0.00845408
  0.00694783  0.00845408    0.00694783  0.00845408    0.30758043  0.00000000

     Dynamical  Matrix in cartesian axes

     q = (    0.250000000  -0.750000000  -0.750000000 ) 

    1    1
  0.30758043  0.00000000   -0.00694783  0.00845408   -0.00694783  0.00845408
 -0.00694783 -0.00845408    0.25280638  0.00000000    0.00707402  0.00000000
 -0.00694783 -0.00845408    0.00707402  0.00000000    0.25280638  0.00000000
    1    2
 -0.06364341 -0.08295385   -0.04011262 -0.04278683   -0.04011262 -0.04278683
 -0.04011262 -0.04278683   -0.06418195 -0.06654238   -0.03987605  0.13647232
 -0.04011262 -0.04278683   -0.03987605  0.13647232   -0.06418195 -0.06654238
    2    1
 -0.06364341  0.08295385   -0.04011262  0.04278683   -0.04011262  0.04278683
 -0.04011262  0.04278683   -0.06418195  0.06654238   -0.03987605 -0.13647232
 -0.04011262  0.04278683   -0.03987605 -0.13647232   -0.06418195  0.06654238
    2    2
  0.30758043  0.00000000   -0.00694783 -0.00845408   -0.00694783 -0.00845408
 -0.00694783  0.00845408    0.25280638  0.00000000    0.00707402  0.00000000
 -0.00694783  0.00845408    0.00707402  0.00000000    0.25280638  0.00000000

     Dynamical  Matrix in cartesian axes

     q = (    0.750000000  -0.750000000  -0.250000000 ) 

    1    1
  0.25280638  0.00000000   -0.00707402  0.00000000   -0.00694783 -0.00845408
 -0.00707402  0.00000000    0.25280638  0.00000000    0.00694783  0.00845408
 -0.00694783  0.00845408    0.00694783 -0.00845408    0.30758043  0.00000000
    1    2
 -0.06654238  0.06418195   -0.13647232 -0.03987605   -0.04278683  0.04011262
 -0.13647232 -0.03987605   -0.06654238  0.06418195    0.04278683 -0.04011262
 -0.04278683  0.04011262    0.04278683 -0.04011262   -0.08295385  0.06364341
    2    1
 -0.06654238 -0.06418195   -0.13647232  0.03987605   -0.04278683 -0.04011262
 -0.13647232  0.03987605   -0.06654238 -0.06418195    0.04278683  0.04011262
 -0.04278683 -0.04011262    0.04278683  0.04011262   -0.08295385 -0.06364341
    2    2
  0.25280638  0.00000000   -0.00707402  0.00000000   -0.00694783  0.00845408
 -0.00707402  0.00000000    0.25280638  0.00000000    0.00694783 -0.00845408
 -0.00694783 -0.00845408    0.00694783  0.00845408    0.30758043  0.00000000

     Diagonalizing the dynamical matrix

     q = (    0.750000000  -0.250000000   0.750000000 ) 

 **************************************************************************
     freq (    1) =       4.177062 [THz] =     139.331779 [cm-1]
 ( -0.059438  0.496455  0.000000  0.000000  0.059438 -0.496455 ) 
 ( -0.500000  0.000000  0.000000  0.000000  0.500000  0.000000 ) 
     freq (    2) =       6.163026 [THz] =     205.576422 [cm-1]
 ( -0.395743 -0.141035 -0.350867  0.154549 -0.395743 -0.141035 ) 
 ( -0.420123  0.000000 -0.278624 -0.263366 -0.420123  0.000000 ) 
     freq (    3) =       9.519302 [THz] =     317.529734 [cm-1]
 ( -0.087986  0.302903 -0.401171 -0.374271 -0.087986  0.302903 ) 
 (  0.315423 -0.000000 -0.247510 -0.489648  0.315423  0.000000 ) 
     freq (    4) =      12.273785 [THz] =     409.409402 [cm-1]
 ( -0.117545 -0.317198  0.408711  0.322634 -0.117545 -0.317198 ) 
 (  0.338277  0.000000 -0.444549 -0.271133  0.338277  0.000000 ) 
     freq (    5) =      13.796416 [THz] =     460.198906 [cm-1]
 ( -0.059438  0.496455 -0.000000 -0.000000  0.059438 -0.496455 ) 
 (  0.500000  0.000000 -0.000000  0.000000 -0.500000  0.000000 ) 
     freq (    6) =      14.163109 [THz] =     472.430463 [cm-1]
 (  0.298308  0.143478  0.480717 -0.223079  0.298308  0.143478 ) 
 ( -0.331019 -0.000000 -0.336521 -0.409398 -0.331019  0.000000 ) 
 **************************************************************************
