Dynamical matrix file
                                                                           
  1    2  2 10.2000000  0.0000000  0.0000000  0.0000000  0.0000000  0.0000000
           1  'Si  '    25598.8229845270     
    1    1      0.0000000000      0.0000000000      0.0000000000
    2    1      0.2500000000      0.2500000000      0.2500000000

     Dynamical  Matrix in cartesian axes

     q = (    0.750000000  -0.250000000   0.750000000 ) 

    1    1
  0.25280692 -0.00000000   -0.00694837  0.00845377    0.00707456 -0.00000000
 -0.00694837 -0.00845377    0.30758048 -0.00000000   -0.00694837 -0.00845377
  0.00707456 -0.00000000   -0.00694837  0.00845377    0.25280692 -0.00000000
    1    2
 -0.06418179  0.06654177   -0.04011233  0.04278711   -0.03987579 -0.13647297
 -0.04011233  0.04278711   -0.06364389  0.08295384   -0.04011233  0.04278711
 -0.03987579 -0.13647297   -0.04011233  0.04278711   -0.06418179  0.06654177
    2    1
 -0.06418179 -0.06654177   -0.04011233 -0.04278711   -0.03987579  0.13647297
 -0.04011233 -0.04278711   -0.06364389 -0.08295384   -0.04011233 -0.04278711
 -0.03987579  0.13647297   -0.04011233 -0.04278711   -0.06418179 -0.06654177
    2    2
  0.25280692  0.00000000   -0.00694837 -0.00845377    0.00707456  0.00000000
 -0.00694837  0.00845377    0.30758048  0.00000000   -0.00694837  0.00845377
  0.00707456  0.00000000   -0.00694837 -0.00845377    0.25280692  0.00000000

     Dynamical  Matrix in cartesian axes

     q = (    0.750000000  -0.250000000  -0.750000000 ) 

    1    1
  0.25280692  0.00000000   -0.00694837 -0.00845377   -0.00707456  0.00000000
 -0.00694837  0.00845377    0.30758048  0.00000000    0.00694837 -0.00845377
 -0.00707456  0.00000000    0.00694837  0.00845377    0.25280692  0.00000000
    1    2
 -0.06654177  0.06418179   -0.04278711  0.04011233   -0.13647297 -0.03987579
 -0.04278711  0.04011233   -0.08295384  0.06364389    0.04278711 -0.04011233
 -0.13647297 -0.03987579    0.04278711 -0.04011233   -0.06654177  0.06418179
    2    1
 -0.06654177 -0.06418179   -0.04278711 -0.04011233   -0.13647297  0.03987579
 -0.04278711 -0.04011233   -0.08295384 -0.06364389    0.04278711  0.04011233
 -0.13647297  0.03987579    0.04278711  0.04011233   -0.06654177 -0.06418179
    2    2
  0.25280692  0.00000000   -0.00694837  0.00845377   -0.00707456  0.00000000
 -0.00694837 -0.00845377    0.30758048 -0.00000000    0.00694837  0.00845377
 -0.00707456  0.00000000    0.00694837 -0.00845377    0.25280692  0.00000000

     Dynamical  Matrix in cartesian axes

     q = (   -0.750000000  -0.250000000  -0.750000000 ) 

    1    1
  0.25280692  0.00000000    0.00694837 -0.00845377    0.00707456  0.00000000
  0.00694837  0.00845377    0.30758048  0.00000000    0.00694837  0.00845377
  0.00707456  0.00000000    0.00694837 -0.00845377    0.25280692  0.00000000
    1    2
  0.06654177  0.06418179   -0.04278711 -0.04011233   -0.13647297  0.03987579
 -0.04278711 -0.04011233    0.08295384  0.06364389   -0.04278711 -0.04011233
 -0.13647297  0.03987579   -0.04278711 -0.04011233    0.06654177  0.06418179
    2    1
  0.06654177 -0.06418179   -0.04278711  0.04011233   -0.13647297 -0.03987579
 -0.04278711  0.04011233    0.08295384 -0.06364389   -0.04278711  0.04011233
 -0.13647297 -0.03987579   -0.04278711  0.04011233    0.06654177 -0.06418179
    2    2
  0.25280692 -0.00000000    0.00694837  0.00845377    0.00707456 -0.00000000
  0.00694837 -0.00845377    0.30758048 -0.00000000    0.00694837 -0.00845377
  0.00707456 -0.00000000    0.00694837  0.00845377    0.25280692 -0.00000000

     Dynamical  Matrix in cartesian axes

     q = (   -0.750000000  -0.250000000   0.750000000 ) 

    1    1
  0.25280692  0.00000000    0.00694837  0.00845377   -0.00707456  0.00000000
  0.00694837 -0.00845377    0.30758048 -0.00000000   -0.00694837  0.00845377
 -0.00707456  0.00000000   -0.00694837 -0.00845377    0.25280692  0.00000000
    1    2
 -0.06654177  0.06418179    0.04278711 -0.04011233   -0.13647297 -0.03987579
  0.04278711 -0.04011233   -0.08295384  0.06364389   -0.04278711  0.04011233
 -0.13647297 -0.03987579   -0.04278711  0.04011233   -0.06654177  0.06418179
    2    1
 -0.06654177 -0.06418179    0.04278711  0.04011233   -0.13647297  0.03987579
  0.04278711  0.04011233   -0.08295384 -0.06364389   -0.04278711 -0.04011233
 -0.13647297  0.03987579   -0.04278711 -0.04011233   -0.06654177 -0.06418179
    2    2
  0.25280692  0.00000000    0.00694837 -0.00845377   -0.00707456  0.00000000
  0.00694837  0.00845377    0.30758048  0.00000000   -0.00694837 -0.00845377
 -0.00707456  0.00000000   -0.00694837  0.00845377    0.25280692  0.00000000

     Dynamical  Matrix in cartesian axes

     q = (   -0.750000000   0.250000000  -0.750000000 ) 

    1    1
  0.25280692  0.00000000   -0.00694837 -0.00845377    0.00707456  0.00000000
 -0.00694837  0.00845377    0.30758048  0.00000000   -0.00694837  0.00845377
  0.00707456  0.00000000   -0.00694837 -0.00845377    0.25280692  0.00000000
    1    2
 -0.06418179 -0.06654177   -0.04011233 -0.04278711   -0.03987579  0.13647297
 -0.04011233 -0.04278711   -0.06364389 -0.08295384   -0.04011233 -0.04278711
 -0.03987579  0.13647297   -0.04011233 -0.04278711   -0.06418179 -0.06654177
    2    1
 -0.06418179  0.06654177   -0.04011233  0.04278711   -0.03987579 -0.13647297
 -0.04011233  0.04278711   -0.06364389  0.08295384   -0.04011233  0.04278711
 -0.03987579 -0.13647297   -0.04011233  0.04278711   -0.06418179  0.06654177
    2    2
  0.25280692 -0.00000000   -0.00694837  0.00845377    0.00707456 -0.00000000
 -0.00694837 -0.00845377    0.30758048 -0.00000000   -0.00694837 -0.00845377
  0.00707456 -0.00000000   -0.00694837  0.00845377    0.25280692 -0.00000000

     Dynamical  Matrix in cartesian axes

     q = (   -0.250000000   0.750000000  -0.750000000 ) 

    1    1
  0.30758048  0.00000000   -0.00694837  0.00845377    0.00694837 -0.00845377
 -0.00694837 -0.00845377    0.25280692  0.00000000   -0.00707456 -0.00000000
  0.00694837  0.00845377   -0.00707456 -0.00000000    0.25280692  0.00000000
    1    2
 -0.08295384  0.06364389   -0.04278711  0.04011233    0.04278711 -0.04011233
 -0.04278711  0.04011233   -0.06654177  0.06418179   -0.13647297 -0.03987579
  0.04278711 -0.04011233   -0.13647297 -0.03987579   -0.06654177  0.06418179
    2    1
 -0.08295384 -0.06364389   -0.04278711 -0.04011233    0.04278711  0.04011233
 -0.04278711 -0.04011233   -0.06654177 -0.06418179   -0.13647297  0.03987579
  0.04278711  0.04011233   -0.13647297  0.03987579   -0.06654177 -0.06418179
    2    2
  0.30758048 -0.00000000   -0.00694837 -0.00845377    0.00694837  0.00845377
 -0.00694837  0.00845377    0.25280692 -0.00000000   -0.00707456  0.00000000
  0.00694837 -0.00845377   -0.00707456  0.00000000    0.25280692 -0.00000000

     Dynamical  Matrix in cartesian axes

     q = (   -0.750000000   0.750000000  -0.250000000 ) 

    1    1
  0.25280692  0.00000000   -0.00707456 -0.00000000    0.00694837  0.00845377
 -0.00707456 -0.00000000    0.25280692  0.00000000   -0.00694837 -0.00845377
  0.00694837 -0.00845377   -0.00694837  0.00845377    0.30758048  0.00000000
    1    2
 -0.06654177  0.06418179   -0.13647297 -0.03987579    0.04278711 -0.04011233
 -0.13647297 -0.03987579   -0.06654177  0.06418179   -0.04278711  0.04011233
  0.04278711 -0.04011233   -0.04278711  0.04011233   -0.08295384  0.06364389
    2    1
 -0.06654177 -0.06418179   -0.13647297  0.03987579    0.04278711  0.04011233
 -0.13647297  0.03987579   -0.06654177 -0.06418179   -0.04278711 -0.04011233
  0.04278711  0.04011233   -0.04278711 -0.04011233   -0.08295384 -0.06364389
    2    2
  0.25280692 -0.00000000   -0.00707456  0.00000000    0.00694837 -0.00845377
 -0.00707456  0.00000000    0.25280692 -0.00000000   -0.00694837  0.00845377
  0.00694837  0.00845377   -0.00694837 -0.00845377    0.30758048 -0.00000000

     Dynamical  Matrix in cartesian axes

     q = (    0.750000000   0.250000000   0.750000000 ) 

    1    1
  0.25280692 -0.00000000    0.00694837  0.00845377    0.00707456 -0.00000000
  0.00694837 -0.00845377    0.30758048 -0.00000000    0.00694837 -0.00845377
  0.00707456 -0.00000000    0.00694837  0.00845377    0.25280692 -0.00000000
    1    2
  0.06654177 -0.06418179   -0.04278711  0.04011233   -0.13647297 -0.03987579
 -0.04278711  0.04011233    0.08295384 -0.06364389   -0.04278711  0.04011233
 -0.13647297 -0.03987579   -0.04278711  0.04011233    0.06654177 -0.06418179
    2    1
  0.06654177  0.06418179   -0.04278711 -0.04011233   -0.13647297  0.03987579
 -0.04278711 -0.04011233    0.08295384  0.06364389   -0.04278711 -0.04011233
 -0.13647297  0.03987579   -0.04278711 -0.04011233    0.06654177  0.06418179
    2    2
  0.25280692  0.00000000    0.00694837 -0.00845377    0.00707456  0.00000000
  0.00694837  0.00845377    0.30758048  0.00000000    0.00694837  0.00845377
  0.00707456  0.00000000    0.00694837 -0.00845377    0.25280692  0.00000000

     Dynamical  Matrix in cartesian axes

     q = (   -0.750000000   0.250000000   0.750000000 ) 

    1    1
  0.25280692  0.00000000   -0.00694837  0.00845377   -0.00707456  0.00000000
 -0.00694837 -0.00845377    0.30758048 -0.00000000    0.00694837  0.00845377
 -0.00707456  0.00000000    0.00694837 -0.00845377    0.25280692  0.00000000
    1    2
 -0.06654177 -0.06418179   -0.04278711 -0.04011233   -0.13647297  0.03987579
 -0.04278711 -0.04011233   -0.08295384 -0.06364389    0.04278711  0.04011233
 -0.13647297  0.03987579    0.04278711  0.04011233   -0.06654177 -0.06418179
    2    1
 -0.06654177  0.06418179   -0.04278711  0.04011233   -0.13647297 -0.03987579
 -0.04278711  0.04011233   -0.08295384  0.06364389    0.04278711 -0.04011233
 -0.13647297 -0.03987579    0.04278711 -0.04011233   -0.06654177  0.06418179
    2    2
  0.25280692  0.00000000   -0.00694837 -0.00845377   -0.00707456  0.00000000
 -0.00694837  0.00845377    0.30758048  0.00000000    0.00694837 -0.00845377
 -0.00707456  0.00000000    0.00694837  0.00845377    0.25280692  0.00000000

     Dynamical  Matrix in cartesian axes

     q = (    0.750000000   0.250000000  -0.750000000 ) 

    1    1
  0.25280692  0.00000000    0.00694837 -0.00845377   -0.00707456  0.00000000
  0.00694837  0.00845377    0.30758048  0.00000000   -0.00694837 -0.00845377
 -0.00707456  0.00000000   -0.00694837  0.00845377    0.25280692  0.00000000
    1    2
 -0.06654177 -0.06418179    0.04278711  0.04011233   -0.13647297  0.03987579
  0.04278711  0.04011233   -0.08295384 -0.06364389   -0.04278711 -0.04011233
 -0.13647297  0.03987579   -0.04278711 -0.04011233   -0.06654177 -0.06418179
    2    1
 -0.06654177  0.06418179    0.04278711 -0.04011233   -0.13647297 -0.03987579
  0.04278711 -0.04011233   -0.08295384  0.06364389   -0.04278711  0.04011233
 -0.13647297 -0.03987579   -0.04278711  0.04011233   -0.06654177  0.06418179
    2    2
  0.25280692  0.00000000    0.00694837  0.00845377   -0.00707456  0.00000000
  0.00694837 -0.00845377    0.30758048 -0.00000000   -0.00694837  0.00845377
 -0.00707456  0.00000000   -0.00694837 -0.00845377    0.25280692  0.00000000

     Dynamical  Matrix in cartesian axes

     q = (   -0.750000000   0.750000000   0.250000000 ) 

    1    1
  0.25280692 -0.00000000   -0.00707456  0.00000000   -0.00694837  0.00845377
 -0.00707456  0.00000000    0.25280692 -0.00000000    0.00694837 -0.00845377
 -0.00694837 -0.00845377    0.00694837  0.00845377    0.30758048 -0.00000000
    1    2
 -0.06654177 -0.06418179   -0.13647297  0.03987579   -0.04278711 -0.04011233
 -0.13647297  0.03987579   -0.06654177 -0.06418179    0.04278711  0.04011233
 -0.04278711 -0.04011233    0.04278711  0.04011233   -0.08295384 -0.06364389
    2    1
 -0.06654177  0.06418179   -0.13647297 -0.03987579   -0.04278711  0.04011233
 -0.13647297 -0.03987579   -0.06654177  0.06418179    0.04278711 -0.04011233
 -0.04278711  0.04011233    0.04278711 -0.04011233   -0.08295384  0.06364389
    2    2
  0.25280692  0.00000000   -0.00707456 -0.00000000   -0.00694837 -0.00845377
 -0.00707456 -0.00000000    0.25280692  0.00000000    0.00694837  0.00845377
 -0.00694837  0.00845377    0.00694837 -0.00845377    0.30758048  0.00000000

     Dynamical  Matrix in cartesian axes

     q = (   -0.250000000   0.750000000   0.750000000 ) 

    1    1
  0.30758048 -0.00000000   -0.00694837 -0.00845377   -0.00694837 -0.00845377
 -0.00694837  0.00845377    0.25280692 -0.00000000    0.00707456  0.00000000
 -0.00694837  0.00845377    0.00707456  0.00000000    0.25280692 -0.00000000
    1    2
 -0.06364389  0.08295384   -0.04011233  0.04278711   -0.04011233  0.04278711
 -0.04011233  0.04278711   -0.06418179  0.06654177   -0.03987579 -0.13647297
 -0.04011233  0.04278711   -0.03987579 -0.13647297   -0.06418179  0.06654177
    2    1
 -0.06364389 -0.08295384   -0.04011233 -0.04278711   -0.04011233 -0.04278711
 -0.04011233 -0.04278711   -0.06418179 -0.06654177   -0.03987579  0.13647297
 -0.04011233 -0.04278711   -0.03987579  0.13647297   -0.06418179 -0.06654177
    2    2
  0.30758048  0.00000000   -0.00694837  0.00845377   -0.00694837  0.00845377
 -0.00694837 -0.00845377    0.25280692  0.00000000    0.00707456 -0.00000000
 -0.00694837 -0.00845377    0.00707456 -0.00000000    0.25280692  0.00000000

     Dynamical  Matrix in cartesian axes

     q = (    0.250000000   0.750000000  -0.750000000 ) 

    1    1
  0.30758048  0.00000000    0.00694837  0.00845377   -0.00694837 -0.00845377
  0.00694837 -0.00845377    0.25280692  0.00000000   -0.00707456 -0.00000000
 -0.00694837  0.00845377   -0.00707456 -0.00000000    0.25280692  0.00000000
    1    2
 -0.08295384 -0.06364389    0.04278711  0.04011233   -0.04278711 -0.04011233
  0.04278711  0.04011233   -0.06654177 -0.06418179   -0.13647297  0.03987579
 -0.04278711 -0.04011233   -0.13647297  0.03987579   -0.06654177 -0.06418179
    2    1
 -0.08295384  0.06364389    0.04278711 -0.04011233   -0.04278711  0.04011233
  0.04278711 -0.04011233   -0.06654177  0.06418179   -0.13647297 -0.03987579
 -0.04278711  0.04011233   -0.13647297 -0.03987579   -0.06654177  0.06418179
    2    2
  0.30758048 -0.00000000    0.00694837 -0.00845377   -0.00694837  0.00845377
  0.00694837  0.00845377    0.25280692 -0.00000000   -0.00707456  0.00000000
 -0.00694837 -0.00845377   -0.00707456  0.00000000    0.25280692 -0.00000000

     Dynamical  Matrix in cartesian axes

     q = (   -0.250000000  -0.750000000  -0.750000000 ) 

    1    1
  0.30758048  0.00000000    0.00694837  0.00845377    0.00694837  0.00845377
  0.00694837 -0.00845377    0.25280692  0.00000000    0.00707456 -0.00000000
  0.00694837 -0.00845377    0.00707456 -0.00000000    0.25280692  0.00000000
    1    2
  0.08295384  0.06364389   -0.04278711 -0.04011233   -0.04278711 -0.04011233
 -0.04278711 -0.04011233    0.06654177  0.06418179   -0.13647297  0.03987579
 -0.04278711 -0.04011233   -0.13647297  0.03987579    0.06654177  0.06418179
    2    1
  0.08295384 -0.06364389   -0.04278711  0.04011233   -0.04278711  0.04011233
 -0.04278711  0.04011233    0.06654177 -0.06418179   -0.13647297 -0.03987579
 -0.04278711  0.04011233   -0.13647297 -0.03987579    0.06654177 -0.06418179
    2    2
  0.30758048 -0.00000000    0.00694837 -0.00845377    0.00694837 -0.00845377
  0.00694837  0.00845377    0.25280692 -0.00000000    0.00707456  0.00000000
  0.00694837  0.00845377    0.00707456  0.00000000    0.25280692 -0.00000000

     Dynamical  Matrix in cartesian axes

     q = (    0.750000000   0.750000000  -0.250000000 ) 

    1    1
  0.25280692  0.00000000    0.00707456  0.00000000   -0.00694837  0.00845377
  0.00707456  0.00000000    0.25280692  0.00000000   -0.00694837  0.00845377
 -0.00694837 -0.00845377   -0.00694837 -0.00845377    0.30758048  0.00000000
    1    2
 -0.06418179  0.06654177   -0.03987579 -0.13647297   -0.04011233  0.04278711
 -0.03987579 -0.13647297   -0.06418179  0.06654177   -0.04011233  0.04278711
 -0.04011233  0.04278711   -0.04011233  0.04278711   -0.06364389  0.08295384
    2    1
 -0.06418179 -0.06654177   -0.03987579  0.13647297   -0.04011233 -0.04278711
 -0.03987579  0.13647297   -0.06418179 -0.06654177   -0.04011233 -0.04278711
 -0.04011233 -0.04278711   -0.04011233 -0.04278711   -0.06364389 -0.08295384
    2    2
  0.25280692 -0.00000000    0.00707456 -0.00000000   -0.00694837 -0.00845377
  0.00707456 -0.00000000    0.25280692 -0.00000000   -0.00694837 -0.00845377
 -0.00694837  0.00845377   -0.00694837  0.00845377    0.30758048 -0.00000000

     Dynamical  Matrix in cartesian axes

     q = (    0.750000000  -0.750000000   0.250000000 ) 

    1    1
  0.25280692 -0.00000000   -0.00707456  0.00000000    0.00694837 -0.00845377
 -0.00707456  0.00000000    0.25280692 -0.00000000   -0.00694837  0.00845377
  0.00694837  0.00845377   -0.00694837 -0.00845377    0.30758048 -0.00000000
    1    2
 -0.06654177 -0.06418179   -0.13647297  0.03987579    0.04278711  0.04011233
 -0.13647297  0.03987579   -0.06654177 -0.06418179   -0.04278711 -0.04011233
  0.04278711  0.04011233   -0.04278711 -0.04011233   -0.08295384 -0.06364389
    2    1
 -0.06654177  0.06418179   -0.13647297 -0.03987579    0.04278711 -0.04011233
 -0.13647297 -0.03987579   -0.06654177  0.06418179   -0.04278711  0.04011233
  0.04278711 -0.04011233   -0.04278711  0.04011233   -0.08295384  0.06364389
    2    2
  0.25280692  0.00000000   -0.00707456 -0.00000000    0.00694837  0.00845377
 -0.00707456 -0.00000000    0.25280692  0.00000000   -0.00694837 -0.00845377
  0.00694837 -0.00845377   -0.00694837  0.00845377    0.30758048  0.00000000

     Dynamical  Matrix in cartesian axes

     q = (   -0.750000000  -0.750000000  -0.250000000 ) 

    1    1
  0.25280692 -0.00000000    0.00707456 -0.00000000    0.00694837 -0.00845377
  0.00707456 -0.00000000    0.25280692 -0.00000000    0.00694837 -0.00845377
  0.00694837  0.00845377    0.00694837  0.00845377    0.30758048 -0.00000000
    1    2
  0.06654177  0.06418179   -0.13647297  0.03987579   -0.04278711 -0.04011233
 -0.13647297  0.03987579    0.06654177  0.06418179   -0.04278711 -0.04011233
 -0.04278711 -0.04011233   -0.04278711 -0.04011233    0.08295384  0.06364389
    2    1
  0.06654177 -0.06418179   -0.13647297 -0.03987579   -0.04278711  0.04011233
 -0.13647297 -0.03987579    0.06654177 -0.06418179   -0.04278711  0.04011233
 -0.04278711  0.04011233   -0.04278711  0.04011233    0.08295384 -0.06364389
    2    2
  0.25280692  0.00000000    0.00707456  0.00000000    0.00694837  0.00845377
  0.00707456  0.00000000    0.25280692  0.00000000    0.00694837  0.00845377
  0.00694837 -0.00845377    0.00694837 -0.00845377    0.30758048  0.00000000

     Dynamical  Matrix in cartesian axes

     q = (    0.250000000  -0.750000000   0.750000000 ) 

    1    1
  0.30758048 -0.00000000   -0.00694837 -0.00845377    0.00694837  0.00845377
 -0.00694837  0.00845377    0.25280692 -0.00000000   -0.00707456  0.00000000
  0.00694837 -0.00845377   -0.00707456  0.00000000    0.25280692 -0.00000000
    1    2
 -0.08295384 -0.06364389   -0.04278711 -0.04011233    0.04278711  0.04011233
 -0.04278711 -0.04011233   -0.06654177 -0.06418179   -0.13647297  0.03987579
  0.04278711  0.04011233   -0.13647297  0.03987579   -0.06654177 -0.06418179
    2    1
 -0.08295384  0.06364389   -0.04278711  0.04011233    0.04278711 -0.04011233
 -0.04278711  0.04011233   -0.06654177  0.06418179   -0.13647297 -0.03987579
  0.04278711 -0.04011233   -0.13647297 -0.03987579   -0.06654177  0.06418179
    2    2
  0.30758048  0.00000000   -0.00694837  0.00845377    0.00694837 -0.00845377
 -0.00694837 -0.00845377    0.25280692  0.00000000   -0.00707456 -0.00000000
  0.00694837  0.00845377   -0.00707456 -0.00000000    0.25280692  0.00000000

     Dynamical  Matrix in cartesian axes

     q = (   -0.750000000  -0.750000000   0.250000000 ) 

    1    1
  0.25280692 -0.00000000    0.00707456 -0.00000000   -0.00694837 -0.00845377
  0.00707456 -0.00000000    0.25280692 -0.00000000   -0.00694837 -0.00845377
 -0.00694837  0.00845377   -0.00694837  0.00845377    0.30758048 -0.00000000
    1    2
 -0.06418179 -0.06654177   -0.03987579  0.13647297   -0.04011233 -0.04278711
 -0.03987579  0.13647297   -0.06418179 -0.06654177   -0.04011233 -0.04278711
 -0.04011233 -0.04278711   -0.04011233 -0.04278711   -0.06364389 -0.08295384
    2    1
 -0.06418179  0.06654177   -0.03987579 -0.13647297   -0.04011233  0.04278711
 -0.03987579 -0.13647297   -0.06418179  0.06654177   -0.04011233  0.04278711
 -0.04011233  0.04278711   -0.04011233  0.04278711   -0.06364389  0.08295384
    2    2
  0.25280692  0.00000000    0.00707456  0.00000000   -0.00694837  0.00845377
  0.00707456  0.00000000    0.25280692  0.00000000   -0.00694837  0.00845377
 -0.00694837 -0.00845377   -0.00694837 -0.00845377    0.30758048  0.00000000

     Dynamical  Matrix in cartesian axes

     q = (    0.250000000   0.750000000   0.750000000 ) 

    1    1
  0.30758048 -0.00000000    0.00694837 -0.00845377    0.00694837 -0.00845377
  0.00694837  0.00845377    0.25280692 -0.00000000    0.00707456  0.00000000
  0.00694837  0.00845377    0.00707456  0.00000000    0.25280692 -0.00000000
    1    2
  0.08295384 -0.06364389   -0.04278711  0.04011233   -0.04278711  0.04011233
 -0.04278711  0.04011233    0.06654177 -0.06418179   -0.13647297 -0.03987579
 -0.04278711  0.04011233   -0.13647297 -0.03987579    0.06654177 -0.06418179
    2    1
  0.08295384  0.06364389   -0.04278711 -0.04011233   -0.04278711 -0.04011233
 -0.04278711 -0.04011233    0.06654177  0.06418179   -0.13647297  0.03987579
 -0.04278711 -0.04011233   -0.13647297  0.03987579    0.06654177  0.06418179
    2    2
  0.30758048  0.00000000    0.00694837  0.00845377    0.00694837  0.00845377
  0.00694837 -0.00845377    0.25280692  0.00000000    0.00707456 -0.00000000
  0.00694837 -0.00845377    0.00707456 -0.00000000    0.25280692  0.00000000

     Dynamical  Matrix in cartesian axes

     q = (   -0.250000000  -0.750000000   0.750000000 ) 

    1    1
  0.30758048 -0.00000000    0.00694837 -0.00845377   -0.00694837  0.00845377
  0.00694837  0.00845377    0.25280692 -0.00000000   -0.00707456  0.00000000
 -0.00694837 -0.00845377   -0.00707456  0.00000000    0.25280692 -0.00000000
    1    2
 -0.08295384  0.06364389    0.04278711 -0.04011233   -0.04278711  0.04011233
  0.04278711 -0.04011233   -0.06654177  0.06418179   -0.13647297 -0.03987579
 -0.04278711  0.04011233   -0.13647297 -0.03987579   -0.06654177  0.06418179
    2    1
 -0.08295384 -0.06364389    0.04278711  0.04011233   -0.04278711 -0.04011233
  0.04278711  0.04011233   -0.06654177 -0.06418179   -0.13647297  0.03987579
 -0.04278711 -0.04011233   -0.13647297  0.03987579   -0.06654177 -0.06418179
    2    2
  0.30758048  0.00000000    0.00694837  0.00845377   -0.00694837 -0.00845377
  0.00694837 -0.00845377    0.25280692  0.00000000   -0.00707456 -0.00000000
 -0.00694837  0.00845377   -0.00707456 -0.00000000    0.25280692  0.00000000

     Dynamical  Matrix in cartesian axes

     q = (    0.750000000   0.750000000   0.250000000 ) 

    1    1
  0.25280692  0.00000000    0.00707456  0.00000000    0.00694837  0.00845377
  0.00707456  0.00000000    0.25280692  0.00000000    0.00694837  0.00845377
  0.00694837 -0.00845377    0.00694837 -0.00845377    0.30758048  0.00000000
    1    2
  0.06654177 -0.06418179   -0.13647297 -0.03987579   -0.04278711  0.04011233
 -0.13647297 -0.03987579    0.06654177 -0.06418179   -0.04278711  0.04011233
 -0.04278711  0.04011233   -0.04278711  0.04011233    0.08295384 -0.06364389
    2    1
  0.06654177  0.06418179   -0.13647297  0.03987579   -0.04278711 -0.04011233
 -0.13647297  0.03987579    0.06654177  0.06418179   -0.04278711 -0.04011233
 -0.04278711 -0.04011233   -0.04278711 -0.04011233    0.08295384  0.06364389
    2    2
  0.25280692 -0.00000000    0.00707456 -0.00000000    0.00694837 -0.00845377
  0.00707456 -0.00000000    0.25280692 -0.00000000    0.00694837 -0.00845377
  0.00694837  0.00845377    0.00694837  0.00845377    0.30758048 -0.00000000

     Dynamical  Matrix in cartesian axes

     q = (    0.250000000  -0.750000000  -0.750000000 ) 

    1    1
  0.30758048  0.00000000   -0.00694837  0.00845377   -0.00694837  0.00845377
 -0.00694837 -0.00845377    0.25280692  0.00000000    0.00707456 -0.00000000
 -0.00694837 -0.00845377    0.00707456 -0.00000000    0.25280692  0.00000000
    1    2
 -0.06364389 -0.08295384   -0.04011233 -0.04278711   -0.04011233 -0.04278711
 -0.04011233 -0.04278711   -0.06418179 -0.06654177   -0.03987579  0.13647297
 -0.04011233 -0.04278711   -0.03987579  0.13647297   -0.06418179 -0.06654177
    2    1
 -0.06364389  0.08295384   -0.04011233  0.04278711   -0.04011233  0.04278711
 -0.04011233  0.04278711   -0.06418179  0.06654177   -0.03987579 -0.13647297
 -0.04011233  0.04278711   -0.03987579 -0.13647297   -0.06418179  0.06654177
    2    2
  0.30758048 -0.00000000   -0.00694837 -0.00845377   -0.00694837 -0.00845377
 -0.00694837  0.00845377    0.25280692 -0.00000000    0.00707456  0.00000000
 -0.00694837  0.00845377    0.00707456  0.00000000    0.25280692 -0.00000000

     Dynamical  Matrix in cartesian axes

     q = (    0.750000000  -0.750000000  -0.250000000 ) 

    1    1
  0.25280692  0.00000000   -0.00707456 -0.00000000   -0.00694837 -0.00845377
 -0.00707456 -0.00000000    0.25280692  0.00000000    0.00694837  0.00845377
 -0.00694837  0.00845377    0.00694837 -0.00845377    0.30758048  0.00000000
    1    2
 -0.06654177  0.06418179   -0.13647297 -0.03987579   -0.04278711  0.04011233
 -0.13647297 -0.03987579   -0.06654177  0.06418179    0.04278711 -0.04011233
 -0.04278711  0.04011233    0.04278711 -0.04011233   -0.08295384  0.06364389
    2    1
 -0.06654177 -0.06418179   -0.13647297  0.03987579   -0.04278711 -0.04011233
 -0.13647297  0.03987579   -0.06654177 -0.06418179    0.04278711  0.04011233
 -0.04278711 -0.04011233    0.04278711  0.04011233   -0.08295384 -0.06364389
    2    2
  0.25280692 -0.00000000   -0.00707456  0.00000000   -0.00694837  0.00845377
 -0.00707456  0.00000000    0.25280692 -0.00000000    0.00694837 -0.00845377
 -0.00694837 -0.00845377    0.00694837  0.00845377    0.30758048 -0.00000000

     Diagonalizing the dynamical matrix

     q = (    0.750000000  -0.250000000   0.750000000 ) 

 **************************************************************************
     freq (    1) =       4.177059 [THz] =     139.331696 [cm-1]
 ( -0.059438  0.496455 -0.000000  0.000000  0.059438 -0.496455 ) 
 ( -0.500000  0.000000 -0.000000 -0.000000  0.500000  0.000000 ) 
     freq (    2) =       6.163030 [THz] =     205.576543 [cm-1]
 ( -0.395742 -0.141036 -0.350869  0.154549 -0.395742 -0.141036 ) 
 ( -0.420122  0.000000 -0.278625 -0.263368 -0.420122  0.000000 ) 
     freq (    3) =       9.519298 [THz] =     317.529608 [cm-1]
 ( -0.087986  0.302904 -0.401170 -0.374270 -0.087986  0.302904 ) 
 (  0.315424  0.000000 -0.247511 -0.489647  0.315424  0.000000 ) 
     freq (    4) =      12.273832 [THz] =     409.410954 [cm-1]
 ( -0.117540 -0.317199  0.408711  0.322636 -0.117540 -0.317199 ) 
 (  0.338276 -0.000000 -0.444547 -0.271139  0.338276  0.000000 ) 
     freq (    5) =      13.796417 [THz] =     460.198930 [cm-1]
 ( -0.059438  0.496455  0.000000 -0.000000  0.059438 -0.496455 ) 
 (  0.500000 -0.000000  0.000000 -0.000000 -0.500000  0.000000 ) 
     freq (    6) =      14.163104 [THz] =     472.430281 [cm-1]
 (  0.298308  0.143481  0.480716 -0.223078  0.298308  0.143481 ) 
 ( -0.331020  0.000000 -0.336517 -0.409399 -0.331020  0.000000 ) 
 **************************************************************************
