Dynamical matrix file
Ph                                                                         
  1    2   2  10.0000000   0.0000000   0.0000000   0.0000000   0.0000000   0.0000000
           1  'Si  '    25598.823011949724     
    1    1      0.0000000000      0.0000000000      0.0000000000
    2    1      0.2500000000      0.2500000000      0.2500000000

     Dynamical  Matrix in cartesian axes

     q = (   -0.250000000   0.250000000  -0.250000000 ) 

    1    1
  0.31930090   0.00000000    -0.01404366   0.00000000     0.01404366   0.00000000
 -0.01404366   0.00000000     0.31930090   0.00000000    -0.01404366   0.00000000
  0.01404366   0.00000000    -0.01404366   0.00000000     0.31930090   0.00000000
    1    2
 -0.23794863  -0.07305619    -0.05042454   0.05173779     0.05042454  -0.05173779
 -0.05042454   0.05173779    -0.23794863  -0.07305619    -0.05042454   0.05173779
  0.05042454  -0.05173779    -0.05042454   0.05173779    -0.23794863  -0.07305619
    2    1
 -0.23794863   0.07305619    -0.05042454  -0.05173779     0.05042454   0.05173779
 -0.05042454  -0.05173779    -0.23794863   0.07305619    -0.05042454  -0.05173779
  0.05042454   0.05173779    -0.05042454  -0.05173779    -0.23794863   0.07305619
    2    2
  0.31930090   0.00000000    -0.01404366   0.00000000     0.01404366   0.00000000
 -0.01404366   0.00000000     0.31930090   0.00000000    -0.01404366   0.00000000
  0.01404366   0.00000000    -0.01404366   0.00000000     0.31930090   0.00000000

     Dynamical  Matrix in cartesian axes

     q = (    0.250000000  -0.250000000  -0.250000000 ) 

    1    1
  0.31930090   0.00000000    -0.01404366   0.00000000    -0.01404366   0.00000000
 -0.01404366   0.00000000     0.31930090   0.00000000     0.01404366   0.00000000
 -0.01404366   0.00000000     0.01404366   0.00000000     0.31930090   0.00000000
    1    2
 -0.23794863  -0.07305619    -0.05042454   0.05173779    -0.05042454   0.05173779
 -0.05042454   0.05173779    -0.23794863  -0.07305619     0.05042454  -0.05173779
 -0.05042454   0.05173779     0.05042454  -0.05173779    -0.23794863  -0.07305619
    2    1
 -0.23794863   0.07305619    -0.05042454  -0.05173779    -0.05042454  -0.05173779
 -0.05042454  -0.05173779    -0.23794863   0.07305619     0.05042454   0.05173779
 -0.05042454  -0.05173779     0.05042454   0.05173779    -0.23794863   0.07305619
    2    2
  0.31930090   0.00000000    -0.01404366   0.00000000    -0.01404366   0.00000000
 -0.01404366   0.00000000     0.31930090   0.00000000     0.01404366   0.00000000
 -0.01404366   0.00000000     0.01404366   0.00000000     0.31930090   0.00000000

     Dynamical  Matrix in cartesian axes

     q = (    0.250000000  -0.250000000   0.250000000 ) 

    1    1
  0.31930090   0.00000000    -0.01404366   0.00000000     0.01404366   0.00000000
 -0.01404366   0.00000000     0.31930090   0.00000000    -0.01404366   0.00000000
  0.01404366   0.00000000    -0.01404366   0.00000000     0.31930090   0.00000000
    1    2
 -0.23794863   0.07305619    -0.05042454  -0.05173779     0.05042454   0.05173779
 -0.05042454  -0.05173779    -0.23794863   0.07305619    -0.05042454  -0.05173779
  0.05042454   0.05173779    -0.05042454  -0.05173779    -0.23794863   0.07305619
    2    1
 -0.23794863  -0.07305619    -0.05042454   0.05173779     0.05042454  -0.05173779
 -0.05042454   0.05173779    -0.23794863  -0.07305619    -0.05042454   0.05173779
  0.05042454  -0.05173779    -0.05042454   0.05173779    -0.23794863  -0.07305619
    2    2
  0.31930090   0.00000000    -0.01404366   0.00000000     0.01404366   0.00000000
 -0.01404366   0.00000000     0.31930090   0.00000000    -0.01404366   0.00000000
  0.01404366   0.00000000    -0.01404366   0.00000000     0.31930090   0.00000000

     Dynamical  Matrix in cartesian axes

     q = (    0.250000000   0.250000000   0.250000000 ) 

    1    1
  0.31930090   0.00000000     0.01404366   0.00000000     0.01404366   0.00000000
  0.01404366   0.00000000     0.31930090   0.00000000     0.01404366   0.00000000
  0.01404366   0.00000000     0.01404366   0.00000000     0.31930090   0.00000000
    1    2
 -0.07305619   0.23794863    -0.05173779  -0.05042454    -0.05173779  -0.05042454
 -0.05173779  -0.05042454    -0.07305619   0.23794863    -0.05173779  -0.05042454
 -0.05173779  -0.05042454    -0.05173779  -0.05042454    -0.07305619   0.23794863
    2    1
 -0.07305619  -0.23794863    -0.05173779   0.05042454    -0.05173779   0.05042454
 -0.05173779   0.05042454    -0.07305619  -0.23794863    -0.05173779   0.05042454
 -0.05173779   0.05042454    -0.05173779   0.05042454    -0.07305619  -0.23794863
    2    2
  0.31930090   0.00000000     0.01404366   0.00000000     0.01404366   0.00000000
  0.01404366   0.00000000     0.31930090   0.00000000     0.01404366   0.00000000
  0.01404366   0.00000000     0.01404366   0.00000000     0.31930090   0.00000000

     Dynamical  Matrix in cartesian axes

     q = (   -0.250000000  -0.250000000  -0.250000000 ) 

    1    1
  0.31930090   0.00000000     0.01404366   0.00000000     0.01404366   0.00000000
  0.01404366   0.00000000     0.31930090   0.00000000     0.01404366   0.00000000
  0.01404366   0.00000000     0.01404366   0.00000000     0.31930090   0.00000000
    1    2
 -0.07305619  -0.23794863    -0.05173779   0.05042454    -0.05173779   0.05042454
 -0.05173779   0.05042454    -0.07305619  -0.23794863    -0.05173779   0.05042454
 -0.05173779   0.05042454    -0.05173779   0.05042454    -0.07305619  -0.23794863
    2    1
 -0.07305619   0.23794863    -0.05173779  -0.05042454    -0.05173779  -0.05042454
 -0.05173779  -0.05042454    -0.07305619   0.23794863    -0.05173779  -0.05042454
 -0.05173779  -0.05042454    -0.05173779  -0.05042454    -0.07305619   0.23794863
    2    2
  0.31930090   0.00000000     0.01404366   0.00000000     0.01404366   0.00000000
  0.01404366   0.00000000     0.31930090   0.00000000     0.01404366   0.00000000
  0.01404366   0.00000000     0.01404366   0.00000000     0.31930090   0.00000000

     Dynamical  Matrix in cartesian axes

     q = (   -0.250000000  -0.250000000   0.250000000 ) 

    1    1
  0.31930090   0.00000000     0.01404366   0.00000000    -0.01404366   0.00000000
  0.01404366   0.00000000     0.31930090   0.00000000    -0.01404366   0.00000000
 -0.01404366   0.00000000    -0.01404366   0.00000000     0.31930090   0.00000000
    1    2
 -0.23794863  -0.07305619     0.05042454  -0.05173779    -0.05042454   0.05173779
  0.05042454  -0.05173779    -0.23794863  -0.07305619    -0.05042454   0.05173779
 -0.05042454   0.05173779    -0.05042454   0.05173779    -0.23794863  -0.07305619
    2    1
 -0.23794863   0.07305619     0.05042454   0.05173779    -0.05042454  -0.05173779
  0.05042454   0.05173779    -0.23794863   0.07305619    -0.05042454  -0.05173779
 -0.05042454  -0.05173779    -0.05042454  -0.05173779    -0.23794863   0.07305619
    2    2
  0.31930090   0.00000000     0.01404366   0.00000000    -0.01404366   0.00000000
  0.01404366   0.00000000     0.31930090   0.00000000    -0.01404366   0.00000000
 -0.01404366   0.00000000    -0.01404366   0.00000000     0.31930090   0.00000000

     Dynamical  Matrix in cartesian axes

     q = (   -0.250000000   0.250000000   0.250000000 ) 

    1    1
  0.31930090   0.00000000    -0.01404366   0.00000000    -0.01404366   0.00000000
 -0.01404366   0.00000000     0.31930090   0.00000000     0.01404366   0.00000000
 -0.01404366   0.00000000     0.01404366   0.00000000     0.31930090   0.00000000
    1    2
 -0.23794863   0.07305619    -0.05042454  -0.05173779    -0.05042454  -0.05173779
 -0.05042454  -0.05173779    -0.23794863   0.07305619     0.05042454   0.05173779
 -0.05042454  -0.05173779     0.05042454   0.05173779    -0.23794863   0.07305619
    2    1
 -0.23794863  -0.07305619    -0.05042454   0.05173779    -0.05042454   0.05173779
 -0.05042454   0.05173779    -0.23794863  -0.07305619     0.05042454  -0.05173779
 -0.05042454   0.05173779     0.05042454  -0.05173779    -0.23794863  -0.07305619
    2    2
  0.31930090   0.00000000    -0.01404366   0.00000000    -0.01404366   0.00000000
 -0.01404366   0.00000000     0.31930090   0.00000000     0.01404366   0.00000000
 -0.01404366   0.00000000     0.01404366   0.00000000     0.31930090   0.00000000

     Dynamical  Matrix in cartesian axes

     q = (    0.250000000   0.250000000  -0.250000000 ) 

    1    1
  0.31930090   0.00000000     0.01404366   0.00000000    -0.01404366   0.00000000
  0.01404366   0.00000000     0.31930090   0.00000000    -0.01404366   0.00000000
 -0.01404366   0.00000000    -0.01404366   0.00000000     0.31930090   0.00000000
    1    2
 -0.23794863   0.07305619     0.05042454   0.05173779    -0.05042454  -0.05173779
  0.05042454   0.05173779    -0.23794863   0.07305619    -0.05042454  -0.05173779
 -0.05042454  -0.05173779    -0.05042454  -0.05173779    -0.23794863   0.07305619
    2    1
 -0.23794863  -0.07305619     0.05042454  -0.05173779    -0.05042454   0.05173779
  0.05042454  -0.05173779    -0.23794863  -0.07305619    -0.05042454   0.05173779
 -0.05042454   0.05173779    -0.05042454   0.05173779    -0.23794863  -0.07305619
    2    2
  0.31930090   0.00000000     0.01404366   0.00000000    -0.01404366   0.00000000
  0.01404366   0.00000000     0.31930090   0.00000000    -0.01404366   0.00000000
 -0.01404366   0.00000000    -0.01404366   0.00000000     0.31930090   0.00000000

     Diagonalizing the dynamical matrix

     q = (   -0.250000000   0.250000000  -0.250000000 ) 

 **************************************************************************
     freq (    1) =       2.608793 [THz] =      87.019959 [cm-1]
 ( -0.139864 -0.047913  0.413100 -0.007034  0.552965  0.040879 ) 
 ( -0.143016 -0.037471  0.411458 -0.037471  0.554474 -0.000000 ) 
     freq (    2) =       2.608793 [THz] =      87.019959 [cm-1]
 ( -0.551000  0.088737 -0.390527  0.100600  0.160473  0.011863 ) 
 ( -0.542959  0.129118 -0.382048  0.129118  0.160911  0.000000 ) 
     freq (    3) =       7.236868 [THz] =     241.395931 [cm-1]
 (  0.250409  0.322431 -0.250409 -0.322431  0.250409  0.322431 ) 
 (  0.408248 -0.000000 -0.408248 -0.000000  0.408248  0.000000 ) 
     freq (    4) =      15.536277 [THz] =     518.234423 [cm-1]
 (  0.250409  0.322431 -0.250409 -0.322431  0.250409  0.322431 ) 
 ( -0.408248  0.000000  0.408248  0.000000 -0.408248  0.000000 ) 
     freq (    5) =      15.852975 [THz] =     528.798320 [cm-1]
 (  0.456267 -0.295207  0.280146 -0.308227 -0.176121 -0.013020 ) 
 ( -0.433261  0.328042 -0.256659  0.328042  0.176601 -0.000000 ) 
     freq (    6) =      15.852975 [THz] =     528.798320 [cm-1]
 ( -0.155793 -0.117199  0.392389 -0.076674  0.548182  0.040525 ) 
 (  0.164010  0.105394 -0.385668  0.105394 -0.549678  0.000000 ) 
 **************************************************************************
