Dynamical matrix file
Ph                                                                         
  1    2  2 10.0000000  0.0000000  0.0000000  0.0000000  0.0000000  0.0000000
           1  'Si  '    25598.822984527003     
    1    1      0.0000000000      0.0000000000      0.0000000000
    2    1      0.2500000000      0.2500000000      0.2500000000

     Dynamical  Matrix in cartesian axes

     q = (   -0.250000000   0.250000000  -0.250000000 ) 

    1    1
  0.31930123  0.00000000   -0.01404414 -0.00000000    0.01404414  0.00000000
 -0.01404414 -0.00000000    0.31930123  0.00000000   -0.01404414 -0.00000000
  0.01404414  0.00000000   -0.01404414 -0.00000000    0.31930123  0.00000000
    1    2
 -0.23794802 -0.07305784   -0.05042515  0.05173945    0.05042515 -0.05173945
 -0.05042515  0.05173945   -0.23794802 -0.07305784   -0.05042515  0.05173945
  0.05042515 -0.05173945   -0.05042515  0.05173945   -0.23794802 -0.07305784
    2    1
 -0.23794802  0.07305784   -0.05042515 -0.05173945    0.05042515  0.05173945
 -0.05042515 -0.05173945   -0.23794802  0.07305784   -0.05042515 -0.05173945
  0.05042515  0.05173945   -0.05042515 -0.05173945   -0.23794802  0.07305784
    2    2
  0.31930123 -0.00000000   -0.01404414  0.00000000    0.01404414 -0.00000000
 -0.01404414  0.00000000    0.31930123  0.00000000   -0.01404414  0.00000000
  0.01404414 -0.00000000   -0.01404414  0.00000000    0.31930123  0.00000000

     Dynamical  Matrix in cartesian axes

     q = (    0.250000000  -0.250000000  -0.250000000 ) 

    1    1
  0.31930123  0.00000000   -0.01404414 -0.00000000   -0.01404414 -0.00000000
 -0.01404414 -0.00000000    0.31930123  0.00000000    0.01404414  0.00000000
 -0.01404414 -0.00000000    0.01404414  0.00000000    0.31930123  0.00000000
    1    2
 -0.23794802 -0.07305784   -0.05042515  0.05173945   -0.05042515  0.05173945
 -0.05042515  0.05173945   -0.23794802 -0.07305784    0.05042515 -0.05173945
 -0.05042515  0.05173945    0.05042515 -0.05173945   -0.23794802 -0.07305784
    2    1
 -0.23794802  0.07305784   -0.05042515 -0.05173945   -0.05042515 -0.05173945
 -0.05042515 -0.05173945   -0.23794802  0.07305784    0.05042515  0.05173945
 -0.05042515 -0.05173945    0.05042515  0.05173945   -0.23794802  0.07305784
    2    2
  0.31930123 -0.00000000   -0.01404414  0.00000000   -0.01404414  0.00000000
 -0.01404414 -0.00000000    0.31930123 -0.00000000    0.01404414 -0.00000000
 -0.01404414  0.00000000    0.01404414 -0.00000000    0.31930123 -0.00000000

     Dynamical  Matrix in cartesian axes

     q = (    0.250000000  -0.250000000   0.250000000 ) 

    1    1
  0.31930123 -0.00000000   -0.01404414  0.00000000    0.01404414 -0.00000000
 -0.01404414  0.00000000    0.31930123 -0.00000000   -0.01404414  0.00000000
  0.01404414 -0.00000000   -0.01404414  0.00000000    0.31930123  0.00000000
    1    2
 -0.23794802  0.07305784   -0.05042515 -0.05173945    0.05042515  0.05173945
 -0.05042515 -0.05173945   -0.23794802  0.07305784   -0.05042515 -0.05173945
  0.05042515  0.05173945   -0.05042515 -0.05173945   -0.23794802  0.07305784
    2    1
 -0.23794802 -0.07305784   -0.05042515  0.05173945    0.05042515 -0.05173945
 -0.05042515  0.05173945   -0.23794802 -0.07305784   -0.05042515  0.05173945
  0.05042515 -0.05173945   -0.05042515  0.05173945   -0.23794802 -0.07305784
    2    2
  0.31930123  0.00000000   -0.01404414 -0.00000000    0.01404414  0.00000000
 -0.01404414 -0.00000000    0.31930123  0.00000000   -0.01404414 -0.00000000
  0.01404414  0.00000000   -0.01404414 -0.00000000    0.31930123  0.00000000

     Dynamical  Matrix in cartesian axes

     q = (    0.250000000   0.250000000   0.250000000 ) 

    1    1
  0.31930123  0.00000000    0.01404414  0.00000000    0.01404414  0.00000000
  0.01404414  0.00000000    0.31930123  0.00000000    0.01404414  0.00000000
  0.01404414  0.00000000    0.01404414  0.00000000    0.31930123  0.00000000
    1    2
 -0.07305784  0.23794802   -0.05173945 -0.05042515   -0.05173945 -0.05042515
 -0.05173945 -0.05042515   -0.07305784  0.23794802   -0.05173945 -0.05042515
 -0.05173945 -0.05042515   -0.05173945 -0.05042515   -0.07305784  0.23794802
    2    1
 -0.07305784 -0.23794802   -0.05173945  0.05042515   -0.05173945  0.05042515
 -0.05173945  0.05042515   -0.07305784 -0.23794802   -0.05173945  0.05042515
 -0.05173945  0.05042515   -0.05173945  0.05042515   -0.07305784 -0.23794802
    2    2
  0.31930123  0.00000000    0.01404414 -0.00000000    0.01404414 -0.00000000
  0.01404414 -0.00000000    0.31930123 -0.00000000    0.01404414 -0.00000000
  0.01404414 -0.00000000    0.01404414 -0.00000000    0.31930123 -0.00000000

     Dynamical  Matrix in cartesian axes

     q = (   -0.250000000  -0.250000000  -0.250000000 ) 

    1    1
  0.31930123  0.00000000    0.01404414 -0.00000000    0.01404414 -0.00000000
  0.01404414 -0.00000000    0.31930123 -0.00000000    0.01404414 -0.00000000
  0.01404414 -0.00000000    0.01404414 -0.00000000    0.31930123 -0.00000000
    1    2
 -0.07305784 -0.23794802   -0.05173945  0.05042515   -0.05173945  0.05042515
 -0.05173945  0.05042515   -0.07305784 -0.23794802   -0.05173945  0.05042515
 -0.05173945  0.05042515   -0.05173945  0.05042515   -0.07305784 -0.23794802
    2    1
 -0.07305784  0.23794802   -0.05173945 -0.05042515   -0.05173945 -0.05042515
 -0.05173945 -0.05042515   -0.07305784  0.23794802   -0.05173945 -0.05042515
 -0.05173945 -0.05042515   -0.05173945 -0.05042515   -0.07305784  0.23794802
    2    2
  0.31930123  0.00000000    0.01404414  0.00000000    0.01404414  0.00000000
  0.01404414  0.00000000    0.31930123  0.00000000    0.01404414  0.00000000
  0.01404414  0.00000000    0.01404414  0.00000000    0.31930123  0.00000000

     Dynamical  Matrix in cartesian axes

     q = (   -0.250000000  -0.250000000   0.250000000 ) 

    1    1
  0.31930123  0.00000000    0.01404414  0.00000000   -0.01404414 -0.00000000
  0.01404414  0.00000000    0.31930123  0.00000000   -0.01404414 -0.00000000
 -0.01404414 -0.00000000   -0.01404414 -0.00000000    0.31930123  0.00000000
    1    2
 -0.23794802 -0.07305784    0.05042515 -0.05173945   -0.05042515  0.05173945
  0.05042515 -0.05173945   -0.23794802 -0.07305784   -0.05042515  0.05173945
 -0.05042515  0.05173945   -0.05042515  0.05173945   -0.23794802 -0.07305784
    2    1
 -0.23794802  0.07305784    0.05042515  0.05173945   -0.05042515 -0.05173945
  0.05042515  0.05173945   -0.23794802  0.07305784   -0.05042515 -0.05173945
 -0.05042515 -0.05173945   -0.05042515 -0.05173945   -0.23794802  0.07305784
    2    2
  0.31930123 -0.00000000    0.01404414 -0.00000000   -0.01404414  0.00000000
  0.01404414 -0.00000000    0.31930123  0.00000000   -0.01404414  0.00000000
 -0.01404414  0.00000000   -0.01404414  0.00000000    0.31930123 -0.00000000

     Dynamical  Matrix in cartesian axes

     q = (   -0.250000000   0.250000000   0.250000000 ) 

    1    1
  0.31930123 -0.00000000   -0.01404414  0.00000000   -0.01404414  0.00000000
 -0.01404414  0.00000000    0.31930123 -0.00000000    0.01404414  0.00000000
 -0.01404414  0.00000000    0.01404414 -0.00000000    0.31930123 -0.00000000
    1    2
 -0.23794802  0.07305784   -0.05042515 -0.05173945   -0.05042515 -0.05173945
 -0.05042515 -0.05173945   -0.23794802  0.07305784    0.05042515  0.05173945
 -0.05042515 -0.05173945    0.05042515  0.05173945   -0.23794802  0.07305784
    2    1
 -0.23794802 -0.07305784   -0.05042515  0.05173945   -0.05042515  0.05173945
 -0.05042515  0.05173945   -0.23794802 -0.07305784    0.05042515 -0.05173945
 -0.05042515  0.05173945    0.05042515 -0.05173945   -0.23794802 -0.07305784
    2    2
  0.31930123  0.00000000   -0.01404414 -0.00000000   -0.01404414 -0.00000000
 -0.01404414 -0.00000000    0.31930123  0.00000000    0.01404414  0.00000000
 -0.01404414 -0.00000000    0.01404414  0.00000000    0.31930123  0.00000000

     Dynamical  Matrix in cartesian axes

     q = (    0.250000000   0.250000000  -0.250000000 ) 

    1    1
  0.31930123 -0.00000000    0.01404414 -0.00000000   -0.01404414  0.00000000
  0.01404414 -0.00000000    0.31930123  0.00000000   -0.01404414  0.00000000
 -0.01404414  0.00000000   -0.01404414  0.00000000    0.31930123 -0.00000000
    1    2
 -0.23794802  0.07305784    0.05042515  0.05173945   -0.05042515 -0.05173945
  0.05042515  0.05173945   -0.23794802  0.07305784   -0.05042515 -0.05173945
 -0.05042515 -0.05173945   -0.05042515 -0.05173945   -0.23794802  0.07305784
    2    1
 -0.23794802 -0.07305784    0.05042515 -0.05173945   -0.05042515  0.05173945
  0.05042515 -0.05173945   -0.23794802 -0.07305784   -0.05042515  0.05173945
 -0.05042515  0.05173945   -0.05042515  0.05173945   -0.23794802 -0.07305784
    2    2
  0.31930123  0.00000000    0.01404414  0.00000000   -0.01404414 -0.00000000
  0.01404414  0.00000000    0.31930123  0.00000000   -0.01404414 -0.00000000
 -0.01404414 -0.00000000   -0.01404414 -0.00000000    0.31930123  0.00000000

     Diagonalizing the dynamical matrix

     q = (   -0.250000000   0.250000000  -0.250000000 ) 

 **************************************************************************
     freq (    1) =       2.608780 [THz] =      87.019546 [cm-1]
 (  0.426915 -0.014594 -0.119519 -0.054990 -0.546434 -0.040396 ) 
 (  0.424677 -0.046029 -0.123248 -0.046029 -0.547925  0.000000 ) 
     freq (    2) =       2.608780 [THz] =      87.019546 [cm-1]
 ( -0.372073  0.111471 -0.553543  0.098056 -0.181470 -0.013415 ) 
 ( -0.362842  0.138599 -0.544807  0.138599 -0.181965  0.000000 ) 
     freq (    3) =       7.236823 [THz] =     241.394444 [cm-1]
 ( -0.250403 -0.322436  0.250403  0.322436 -0.250403 -0.322436 ) 
 ( -0.408248 -0.000000  0.408248  0.000000 -0.408248  0.000000 ) 
     freq (    4) =      15.536333 [THz] =     518.236278 [cm-1]
 ( -0.250403 -0.322436  0.250403  0.322436 -0.250403 -0.322436 ) 
 (  0.408248 -0.000000 -0.408248  0.000000  0.408248  0.000000 ) 
     freq (    5) =      15.852973 [THz] =     528.798250 [cm-1]
 ( -0.342528  0.294661 -0.449562  0.286749 -0.107034 -0.007913 ) 
 (  0.319871 -0.319112  0.427198 -0.319112  0.107326  0.000000 ) 
     freq (    6) =      15.852973 [THz] =     528.798250 [cm-1]
 (  0.357800 -0.034087 -0.207943 -0.075911 -0.565743 -0.041823 ) 
 ( -0.354313  0.060374  0.212974  0.060374  0.567287  0.000000 ) 
 **************************************************************************
