Dynamical matrix file
Ph                                                                         
  1    2   2  10.0000000   0.0000000   0.0000000   0.0000000   0.0000000   0.0000000
           1  'Si  '    25598.823011949724     
    1    1      0.0000000000      0.0000000000      0.0000000000
    2    1      0.2500000000      0.2500000000      0.2500000000

     Dynamical  Matrix in cartesian axes

     q = (    0.750000000  -0.250000000   0.750000000 ) 

    1    1
  0.28862707   0.00000000    -0.00807145   0.00905083     0.00832154   0.00000000
 -0.00807145  -0.00905083     0.34696278   0.00000000    -0.00807145  -0.00905083
  0.00832154   0.00000000    -0.00807145   0.00905083     0.28862707   0.00000000
    1    2
 -0.07265625   0.07554833    -0.05047155   0.05379084    -0.05050553  -0.17102667
 -0.05047155   0.05379084    -0.07190602   0.09180133    -0.05047155   0.05379084
 -0.05050553  -0.17102667    -0.05047155   0.05379084    -0.07265625   0.07554833
    2    1
 -0.07265625  -0.07554833    -0.05047155  -0.05379084    -0.05050553   0.17102667
 -0.05047155  -0.05379084    -0.07190602  -0.09180133    -0.05047155  -0.05379084
 -0.05050553   0.17102667    -0.05047155  -0.05379084    -0.07265625  -0.07554833
    2    2
  0.28862707   0.00000000    -0.00807145  -0.00905083     0.00832154   0.00000000
 -0.00807145   0.00905083     0.34696278   0.00000000    -0.00807145   0.00905083
  0.00832154   0.00000000    -0.00807145  -0.00905083     0.28862707   0.00000000

     Dynamical  Matrix in cartesian axes

     q = (    0.750000000  -0.250000000  -0.750000000 ) 

    1    1
  0.28862707   0.00000000    -0.00807145  -0.00905083    -0.00832154   0.00000000
 -0.00807145   0.00905083     0.34696278   0.00000000     0.00807145  -0.00905083
 -0.00832154   0.00000000     0.00807145   0.00905083     0.28862707   0.00000000
    1    2
 -0.07554833   0.07265625    -0.05379084   0.05047155    -0.17102667  -0.05050553
 -0.05379084   0.05047155    -0.09180133   0.07190602     0.05379084  -0.05047155
 -0.17102667  -0.05050553     0.05379084  -0.05047155    -0.07554833   0.07265625
    2    1
 -0.07554833  -0.07265625    -0.05379084  -0.05047155    -0.17102667   0.05050553
 -0.05379084  -0.05047155    -0.09180133  -0.07190602     0.05379084   0.05047155
 -0.17102667   0.05050553     0.05379084   0.05047155    -0.07554833  -0.07265625
    2    2
  0.28862707   0.00000000    -0.00807145   0.00905083    -0.00832154   0.00000000
 -0.00807145  -0.00905083     0.34696278   0.00000000     0.00807145   0.00905083
 -0.00832154   0.00000000     0.00807145  -0.00905083     0.28862707   0.00000000

     Dynamical  Matrix in cartesian axes

     q = (   -0.750000000  -0.250000000  -0.750000000 ) 

    1    1
  0.28862707   0.00000000     0.00807145  -0.00905083     0.00832154   0.00000000
  0.00807145   0.00905083     0.34696278   0.00000000     0.00807145   0.00905083
  0.00832154   0.00000000     0.00807145  -0.00905083     0.28862707   0.00000000
    1    2
  0.07554833   0.07265625    -0.05379084  -0.05047155    -0.17102667   0.05050553
 -0.05379084  -0.05047155     0.09180133   0.07190602    -0.05379084  -0.05047155
 -0.17102667   0.05050553    -0.05379084  -0.05047155     0.07554833   0.07265625
    2    1
  0.07554833  -0.07265625    -0.05379084   0.05047155    -0.17102667  -0.05050553
 -0.05379084   0.05047155     0.09180133  -0.07190602    -0.05379084   0.05047155
 -0.17102667  -0.05050553    -0.05379084   0.05047155     0.07554833  -0.07265625
    2    2
  0.28862707   0.00000000     0.00807145   0.00905083     0.00832154   0.00000000
  0.00807145  -0.00905083     0.34696278   0.00000000     0.00807145  -0.00905083
  0.00832154   0.00000000     0.00807145   0.00905083     0.28862707   0.00000000

     Dynamical  Matrix in cartesian axes

     q = (   -0.750000000  -0.250000000   0.750000000 ) 

    1    1
  0.28862707   0.00000000     0.00807145   0.00905083    -0.00832154   0.00000000
  0.00807145  -0.00905083     0.34696278   0.00000000    -0.00807145   0.00905083
 -0.00832154   0.00000000    -0.00807145  -0.00905083     0.28862707   0.00000000
    1    2
 -0.07554833   0.07265625     0.05379084  -0.05047155    -0.17102667  -0.05050553
  0.05379084  -0.05047155    -0.09180133   0.07190602    -0.05379084   0.05047155
 -0.17102667  -0.05050553    -0.05379084   0.05047155    -0.07554833   0.07265625
    2    1
 -0.07554833  -0.07265625     0.05379084   0.05047155    -0.17102667   0.05050553
  0.05379084   0.05047155    -0.09180133  -0.07190602    -0.05379084  -0.05047155
 -0.17102667   0.05050553    -0.05379084  -0.05047155    -0.07554833  -0.07265625
    2    2
  0.28862707   0.00000000     0.00807145  -0.00905083    -0.00832154   0.00000000
  0.00807145   0.00905083     0.34696278   0.00000000    -0.00807145  -0.00905083
 -0.00832154   0.00000000    -0.00807145   0.00905083     0.28862707   0.00000000

     Dynamical  Matrix in cartesian axes

     q = (   -0.750000000   0.250000000  -0.750000000 ) 

    1    1
  0.28862707   0.00000000    -0.00807145  -0.00905083     0.00832154   0.00000000
 -0.00807145   0.00905083     0.34696278   0.00000000    -0.00807145   0.00905083
  0.00832154   0.00000000    -0.00807145  -0.00905083     0.28862707   0.00000000
    1    2
 -0.07265625  -0.07554833    -0.05047155  -0.05379084    -0.05050553   0.17102667
 -0.05047155  -0.05379084    -0.07190602  -0.09180133    -0.05047155  -0.05379084
 -0.05050553   0.17102667    -0.05047155  -0.05379084    -0.07265625  -0.07554833
    2    1
 -0.07265625   0.07554833    -0.05047155   0.05379084    -0.05050553  -0.17102667
 -0.05047155   0.05379084    -0.07190602   0.09180133    -0.05047155   0.05379084
 -0.05050553  -0.17102667    -0.05047155   0.05379084    -0.07265625   0.07554833
    2    2
  0.28862707   0.00000000    -0.00807145   0.00905083     0.00832154   0.00000000
 -0.00807145  -0.00905083     0.34696278   0.00000000    -0.00807145  -0.00905083
  0.00832154   0.00000000    -0.00807145   0.00905083     0.28862707   0.00000000

     Dynamical  Matrix in cartesian axes

     q = (   -0.250000000   0.750000000  -0.750000000 ) 

    1    1
  0.34696278   0.00000000    -0.00807145   0.00905083     0.00807145  -0.00905083
 -0.00807145  -0.00905083     0.28862707   0.00000000    -0.00832154   0.00000000
  0.00807145   0.00905083    -0.00832154   0.00000000     0.28862707   0.00000000
    1    2
 -0.09180133   0.07190602    -0.05379084   0.05047155     0.05379084  -0.05047155
 -0.05379084   0.05047155    -0.07554833   0.07265625    -0.17102667  -0.05050553
  0.05379084  -0.05047155    -0.17102667  -0.05050553    -0.07554833   0.07265625
    2    1
 -0.09180133  -0.07190602    -0.05379084  -0.05047155     0.05379084   0.05047155
 -0.05379084  -0.05047155    -0.07554833  -0.07265625    -0.17102667   0.05050553
  0.05379084   0.05047155    -0.17102667   0.05050553    -0.07554833  -0.07265625
    2    2
  0.34696278   0.00000000    -0.00807145  -0.00905083     0.00807145   0.00905083
 -0.00807145   0.00905083     0.28862707   0.00000000    -0.00832154   0.00000000
  0.00807145  -0.00905083    -0.00832154   0.00000000     0.28862707   0.00000000

     Dynamical  Matrix in cartesian axes

     q = (   -0.750000000   0.750000000  -0.250000000 ) 

    1    1
  0.28862707   0.00000000    -0.00832154   0.00000000     0.00807145   0.00905083
 -0.00832154   0.00000000     0.28862707   0.00000000    -0.00807145  -0.00905083
  0.00807145  -0.00905083    -0.00807145   0.00905083     0.34696278   0.00000000
    1    2
 -0.07554833   0.07265625    -0.17102667  -0.05050553     0.05379084  -0.05047155
 -0.17102667  -0.05050553    -0.07554833   0.07265625    -0.05379084   0.05047155
  0.05379084  -0.05047155    -0.05379084   0.05047155    -0.09180133   0.07190602
    2    1
 -0.07554833  -0.07265625    -0.17102667   0.05050553     0.05379084   0.05047155
 -0.17102667   0.05050553    -0.07554833  -0.07265625    -0.05379084  -0.05047155
  0.05379084   0.05047155    -0.05379084  -0.05047155    -0.09180133  -0.07190602
    2    2
  0.28862707   0.00000000    -0.00832154   0.00000000     0.00807145  -0.00905083
 -0.00832154   0.00000000     0.28862707   0.00000000    -0.00807145   0.00905083
  0.00807145   0.00905083    -0.00807145  -0.00905083     0.34696278   0.00000000

     Dynamical  Matrix in cartesian axes

     q = (    0.750000000   0.250000000   0.750000000 ) 

    1    1
  0.28862707   0.00000000     0.00807145   0.00905083     0.00832154   0.00000000
  0.00807145  -0.00905083     0.34696278   0.00000000     0.00807145  -0.00905083
  0.00832154   0.00000000     0.00807145   0.00905083     0.28862707   0.00000000
    1    2
  0.07554833  -0.07265625    -0.05379084   0.05047155    -0.17102667  -0.05050553
 -0.05379084   0.05047155     0.09180133  -0.07190602    -0.05379084   0.05047155
 -0.17102667  -0.05050553    -0.05379084   0.05047155     0.07554833  -0.07265625
    2    1
  0.07554833   0.07265625    -0.05379084  -0.05047155    -0.17102667   0.05050553
 -0.05379084  -0.05047155     0.09180133   0.07190602    -0.05379084  -0.05047155
 -0.17102667   0.05050553    -0.05379084  -0.05047155     0.07554833   0.07265625
    2    2
  0.28862707   0.00000000     0.00807145  -0.00905083     0.00832154   0.00000000
  0.00807145   0.00905083     0.34696278   0.00000000     0.00807145   0.00905083
  0.00832154   0.00000000     0.00807145  -0.00905083     0.28862707   0.00000000

     Dynamical  Matrix in cartesian axes

     q = (   -0.750000000   0.250000000   0.750000000 ) 

    1    1
  0.28862707   0.00000000    -0.00807145   0.00905083    -0.00832154   0.00000000
 -0.00807145  -0.00905083     0.34696278   0.00000000     0.00807145   0.00905083
 -0.00832154   0.00000000     0.00807145  -0.00905083     0.28862707   0.00000000
    1    2
 -0.07554833  -0.07265625    -0.05379084  -0.05047155    -0.17102667   0.05050553
 -0.05379084  -0.05047155    -0.09180133  -0.07190602     0.05379084   0.05047155
 -0.17102667   0.05050553     0.05379084   0.05047155    -0.07554833  -0.07265625
    2    1
 -0.07554833   0.07265625    -0.05379084   0.05047155    -0.17102667  -0.05050553
 -0.05379084   0.05047155    -0.09180133   0.07190602     0.05379084  -0.05047155
 -0.17102667  -0.05050553     0.05379084  -0.05047155    -0.07554833   0.07265625
    2    2
  0.28862707   0.00000000    -0.00807145  -0.00905083    -0.00832154   0.00000000
 -0.00807145   0.00905083     0.34696278   0.00000000     0.00807145  -0.00905083
 -0.00832154   0.00000000     0.00807145   0.00905083     0.28862707   0.00000000

     Dynamical  Matrix in cartesian axes

     q = (    0.750000000   0.250000000  -0.750000000 ) 

    1    1
  0.28862707   0.00000000     0.00807145  -0.00905083    -0.00832154   0.00000000
  0.00807145   0.00905083     0.34696278   0.00000000    -0.00807145  -0.00905083
 -0.00832154   0.00000000    -0.00807145   0.00905083     0.28862707   0.00000000
    1    2
 -0.07554833  -0.07265625     0.05379084   0.05047155    -0.17102667   0.05050553
  0.05379084   0.05047155    -0.09180133  -0.07190602    -0.05379084  -0.05047155
 -0.17102667   0.05050553    -0.05379084  -0.05047155    -0.07554833  -0.07265625
    2    1
 -0.07554833   0.07265625     0.05379084  -0.05047155    -0.17102667  -0.05050553
  0.05379084  -0.05047155    -0.09180133   0.07190602    -0.05379084   0.05047155
 -0.17102667  -0.05050553    -0.05379084   0.05047155    -0.07554833   0.07265625
    2    2
  0.28862707   0.00000000     0.00807145   0.00905083    -0.00832154   0.00000000
  0.00807145  -0.00905083     0.34696278   0.00000000    -0.00807145   0.00905083
 -0.00832154   0.00000000    -0.00807145  -0.00905083     0.28862707   0.00000000

     Dynamical  Matrix in cartesian axes

     q = (   -0.750000000   0.750000000   0.250000000 ) 

    1    1
  0.28862707   0.00000000    -0.00832154   0.00000000    -0.00807145   0.00905083
 -0.00832154   0.00000000     0.28862707   0.00000000     0.00807145  -0.00905083
 -0.00807145  -0.00905083     0.00807145   0.00905083     0.34696278   0.00000000
    1    2
 -0.07554833  -0.07265625    -0.17102667   0.05050553    -0.05379084  -0.05047155
 -0.17102667   0.05050553    -0.07554833  -0.07265625     0.05379084   0.05047155
 -0.05379084  -0.05047155     0.05379084   0.05047155    -0.09180133  -0.07190602
    2    1
 -0.07554833   0.07265625    -0.17102667  -0.05050553    -0.05379084   0.05047155
 -0.17102667  -0.05050553    -0.07554833   0.07265625     0.05379084  -0.05047155
 -0.05379084   0.05047155     0.05379084  -0.05047155    -0.09180133   0.07190602
    2    2
  0.28862707   0.00000000    -0.00832154   0.00000000    -0.00807145  -0.00905083
 -0.00832154   0.00000000     0.28862707   0.00000000     0.00807145   0.00905083
 -0.00807145   0.00905083     0.00807145  -0.00905083     0.34696278   0.00000000

     Dynamical  Matrix in cartesian axes

     q = (   -0.250000000   0.750000000   0.750000000 ) 

    1    1
  0.34696278   0.00000000    -0.00807145  -0.00905083    -0.00807145  -0.00905083
 -0.00807145   0.00905083     0.28862707   0.00000000     0.00832154   0.00000000
 -0.00807145   0.00905083     0.00832154   0.00000000     0.28862707   0.00000000
    1    2
 -0.07190602   0.09180133    -0.05047155   0.05379084    -0.05047155   0.05379084
 -0.05047155   0.05379084    -0.07265625   0.07554833    -0.05050553  -0.17102667
 -0.05047155   0.05379084    -0.05050553  -0.17102667    -0.07265625   0.07554833
    2    1
 -0.07190602  -0.09180133    -0.05047155  -0.05379084    -0.05047155  -0.05379084
 -0.05047155  -0.05379084    -0.07265625  -0.07554833    -0.05050553   0.17102667
 -0.05047155  -0.05379084    -0.05050553   0.17102667    -0.07265625  -0.07554833
    2    2
  0.34696278   0.00000000    -0.00807145   0.00905083    -0.00807145   0.00905083
 -0.00807145  -0.00905083     0.28862707   0.00000000     0.00832154   0.00000000
 -0.00807145  -0.00905083     0.00832154   0.00000000     0.28862707   0.00000000

     Dynamical  Matrix in cartesian axes

     q = (    0.250000000   0.750000000  -0.750000000 ) 

    1    1
  0.34696278   0.00000000     0.00807145   0.00905083    -0.00807145  -0.00905083
  0.00807145  -0.00905083     0.28862707   0.00000000    -0.00832154   0.00000000
 -0.00807145   0.00905083    -0.00832154   0.00000000     0.28862707   0.00000000
    1    2
 -0.09180133  -0.07190602     0.05379084   0.05047155    -0.05379084  -0.05047155
  0.05379084   0.05047155    -0.07554833  -0.07265625    -0.17102667   0.05050553
 -0.05379084  -0.05047155    -0.17102667   0.05050553    -0.07554833  -0.07265625
    2    1
 -0.09180133   0.07190602     0.05379084  -0.05047155    -0.05379084   0.05047155
  0.05379084  -0.05047155    -0.07554833   0.07265625    -0.17102667  -0.05050553
 -0.05379084   0.05047155    -0.17102667  -0.05050553    -0.07554833   0.07265625
    2    2
  0.34696278   0.00000000     0.00807145  -0.00905083    -0.00807145   0.00905083
  0.00807145   0.00905083     0.28862707   0.00000000    -0.00832154   0.00000000
 -0.00807145  -0.00905083    -0.00832154   0.00000000     0.28862707   0.00000000

     Dynamical  Matrix in cartesian axes

     q = (   -0.250000000  -0.750000000  -0.750000000 ) 

    1    1
  0.34696278   0.00000000     0.00807145   0.00905083     0.00807145   0.00905083
  0.00807145  -0.00905083     0.28862707   0.00000000     0.00832154   0.00000000
  0.00807145  -0.00905083     0.00832154   0.00000000     0.28862707   0.00000000
    1    2
  0.09180133   0.07190602    -0.05379084  -0.05047155    -0.05379084  -0.05047155
 -0.05379084  -0.05047155     0.07554833   0.07265625    -0.17102667   0.05050553
 -0.05379084  -0.05047155    -0.17102667   0.05050553     0.07554833   0.07265625
    2    1
  0.09180133  -0.07190602    -0.05379084   0.05047155    -0.05379084   0.05047155
 -0.05379084   0.05047155     0.07554833  -0.07265625    -0.17102667  -0.05050553
 -0.05379084   0.05047155    -0.17102667  -0.05050553     0.07554833  -0.07265625
    2    2
  0.34696278   0.00000000     0.00807145  -0.00905083     0.00807145  -0.00905083
  0.00807145   0.00905083     0.28862707   0.00000000     0.00832154   0.00000000
  0.00807145   0.00905083     0.00832154   0.00000000     0.28862707   0.00000000

     Dynamical  Matrix in cartesian axes

     q = (    0.750000000   0.750000000  -0.250000000 ) 

    1    1
  0.28862707   0.00000000     0.00832154   0.00000000    -0.00807145   0.00905083
  0.00832154   0.00000000     0.28862707   0.00000000    -0.00807145   0.00905083
 -0.00807145  -0.00905083    -0.00807145  -0.00905083     0.34696278   0.00000000
    1    2
 -0.07265625   0.07554833    -0.05050553  -0.17102667    -0.05047155   0.05379084
 -0.05050553  -0.17102667    -0.07265625   0.07554833    -0.05047155   0.05379084
 -0.05047155   0.05379084    -0.05047155   0.05379084    -0.07190602   0.09180133
    2    1
 -0.07265625  -0.07554833    -0.05050553   0.17102667    -0.05047155  -0.05379084
 -0.05050553   0.17102667    -0.07265625  -0.07554833    -0.05047155  -0.05379084
 -0.05047155  -0.05379084    -0.05047155  -0.05379084    -0.07190602  -0.09180133
    2    2
  0.28862707   0.00000000     0.00832154   0.00000000    -0.00807145  -0.00905083
  0.00832154   0.00000000     0.28862707   0.00000000    -0.00807145  -0.00905083
 -0.00807145   0.00905083    -0.00807145   0.00905083     0.34696278   0.00000000

     Dynamical  Matrix in cartesian axes

     q = (    0.750000000  -0.750000000   0.250000000 ) 

    1    1
  0.28862707   0.00000000    -0.00832154   0.00000000     0.00807145  -0.00905083
 -0.00832154   0.00000000     0.28862707   0.00000000    -0.00807145   0.00905083
  0.00807145   0.00905083    -0.00807145  -0.00905083     0.34696278   0.00000000
    1    2
 -0.07554833  -0.07265625    -0.17102667   0.05050553     0.05379084   0.05047155
 -0.17102667   0.05050553    -0.07554833  -0.07265625    -0.05379084  -0.05047155
  0.05379084   0.05047155    -0.05379084  -0.05047155    -0.09180133  -0.07190602
    2    1
 -0.07554833   0.07265625    -0.17102667  -0.05050553     0.05379084  -0.05047155
 -0.17102667  -0.05050553    -0.07554833   0.07265625    -0.05379084   0.05047155
  0.05379084  -0.05047155    -0.05379084   0.05047155    -0.09180133   0.07190602
    2    2
  0.28862707   0.00000000    -0.00832154   0.00000000     0.00807145   0.00905083
 -0.00832154   0.00000000     0.28862707   0.00000000    -0.00807145  -0.00905083
  0.00807145  -0.00905083    -0.00807145   0.00905083     0.34696278   0.00000000

     Dynamical  Matrix in cartesian axes

     q = (   -0.750000000  -0.750000000  -0.250000000 ) 

    1    1
  0.28862707   0.00000000     0.00832154   0.00000000     0.00807145  -0.00905083
  0.00832154   0.00000000     0.28862707   0.00000000     0.00807145  -0.00905083
  0.00807145   0.00905083     0.00807145   0.00905083     0.34696278   0.00000000
    1    2
  0.07554833   0.07265625    -0.17102667   0.05050553    -0.05379084  -0.05047155
 -0.17102667   0.05050553     0.07554833   0.07265625    -0.05379084  -0.05047155
 -0.05379084  -0.05047155    -0.05379084  -0.05047155     0.09180133   0.07190602
    2    1
  0.07554833  -0.07265625    -0.17102667  -0.05050553    -0.05379084   0.05047155
 -0.17102667  -0.05050553     0.07554833  -0.07265625    -0.05379084   0.05047155
 -0.05379084   0.05047155    -0.05379084   0.05047155     0.09180133  -0.07190602
    2    2
  0.28862707   0.00000000     0.00832154   0.00000000     0.00807145   0.00905083
  0.00832154   0.00000000     0.28862707   0.00000000     0.00807145   0.00905083
  0.00807145  -0.00905083     0.00807145  -0.00905083     0.34696278   0.00000000

     Dynamical  Matrix in cartesian axes

     q = (    0.250000000  -0.750000000   0.750000000 ) 

    1    1
  0.34696278   0.00000000    -0.00807145  -0.00905083     0.00807145   0.00905083
 -0.00807145   0.00905083     0.28862707   0.00000000    -0.00832154   0.00000000
  0.00807145  -0.00905083    -0.00832154   0.00000000     0.28862707   0.00000000
    1    2
 -0.09180133  -0.07190602    -0.05379084  -0.05047155     0.05379084   0.05047155
 -0.05379084  -0.05047155    -0.07554833  -0.07265625    -0.17102667   0.05050553
  0.05379084   0.05047155    -0.17102667   0.05050553    -0.07554833  -0.07265625
    2    1
 -0.09180133   0.07190602    -0.05379084   0.05047155     0.05379084  -0.05047155
 -0.05379084   0.05047155    -0.07554833   0.07265625    -0.17102667  -0.05050553
  0.05379084  -0.05047155    -0.17102667  -0.05050553    -0.07554833   0.07265625
    2    2
  0.34696278   0.00000000    -0.00807145   0.00905083     0.00807145  -0.00905083
 -0.00807145  -0.00905083     0.28862707   0.00000000    -0.00832154   0.00000000
  0.00807145   0.00905083    -0.00832154   0.00000000     0.28862707   0.00000000

     Dynamical  Matrix in cartesian axes

     q = (   -0.750000000  -0.750000000   0.250000000 ) 

    1    1
  0.28862707   0.00000000     0.00832154   0.00000000    -0.00807145  -0.00905083
  0.00832154   0.00000000     0.28862707   0.00000000    -0.00807145  -0.00905083
 -0.00807145   0.00905083    -0.00807145   0.00905083     0.34696278   0.00000000
    1    2
 -0.07265625  -0.07554833    -0.05050553   0.17102667    -0.05047155  -0.05379084
 -0.05050553   0.17102667    -0.07265625  -0.07554833    -0.05047155  -0.05379084
 -0.05047155  -0.05379084    -0.05047155  -0.05379084    -0.07190602  -0.09180133
    2    1
 -0.07265625   0.07554833    -0.05050553  -0.17102667    -0.05047155   0.05379084
 -0.05050553  -0.17102667    -0.07265625   0.07554833    -0.05047155   0.05379084
 -0.05047155   0.05379084    -0.05047155   0.05379084    -0.07190602   0.09180133
    2    2
  0.28862707   0.00000000     0.00832154   0.00000000    -0.00807145   0.00905083
  0.00832154   0.00000000     0.28862707   0.00000000    -0.00807145   0.00905083
 -0.00807145  -0.00905083    -0.00807145  -0.00905083     0.34696278   0.00000000

     Dynamical  Matrix in cartesian axes

     q = (    0.250000000   0.750000000   0.750000000 ) 

    1    1
  0.34696278   0.00000000     0.00807145  -0.00905083     0.00807145  -0.00905083
  0.00807145   0.00905083     0.28862707   0.00000000     0.00832154   0.00000000
  0.00807145   0.00905083     0.00832154   0.00000000     0.28862707   0.00000000
    1    2
  0.09180133  -0.07190602    -0.05379084   0.05047155    -0.05379084   0.05047155
 -0.05379084   0.05047155     0.07554833  -0.07265625    -0.17102667  -0.05050553
 -0.05379084   0.05047155    -0.17102667  -0.05050553     0.07554833  -0.07265625
    2    1
  0.09180133   0.07190602    -0.05379084  -0.05047155    -0.05379084  -0.05047155
 -0.05379084  -0.05047155     0.07554833   0.07265625    -0.17102667   0.05050553
 -0.05379084  -0.05047155    -0.17102667   0.05050553     0.07554833   0.07265625
    2    2
  0.34696278   0.00000000     0.00807145   0.00905083     0.00807145   0.00905083
  0.00807145  -0.00905083     0.28862707   0.00000000     0.00832154   0.00000000
  0.00807145  -0.00905083     0.00832154   0.00000000     0.28862707   0.00000000

     Dynamical  Matrix in cartesian axes

     q = (   -0.250000000  -0.750000000   0.750000000 ) 

    1    1
  0.34696278   0.00000000     0.00807145  -0.00905083    -0.00807145   0.00905083
  0.00807145   0.00905083     0.28862707   0.00000000    -0.00832154   0.00000000
 -0.00807145  -0.00905083    -0.00832154   0.00000000     0.28862707   0.00000000
    1    2
 -0.09180133   0.07190602     0.05379084  -0.05047155    -0.05379084   0.05047155
  0.05379084  -0.05047155    -0.07554833   0.07265625    -0.17102667  -0.05050553
 -0.05379084   0.05047155    -0.17102667  -0.05050553    -0.07554833   0.07265625
    2    1
 -0.09180133  -0.07190602     0.05379084   0.05047155    -0.05379084  -0.05047155
  0.05379084   0.05047155    -0.07554833  -0.07265625    -0.17102667   0.05050553
 -0.05379084  -0.05047155    -0.17102667   0.05050553    -0.07554833  -0.07265625
    2    2
  0.34696278   0.00000000     0.00807145   0.00905083    -0.00807145  -0.00905083
  0.00807145  -0.00905083     0.28862707   0.00000000    -0.00832154   0.00000000
 -0.00807145   0.00905083    -0.00832154   0.00000000     0.28862707   0.00000000

     Dynamical  Matrix in cartesian axes

     q = (    0.750000000   0.750000000   0.250000000 ) 

    1    1
  0.28862707   0.00000000     0.00832154   0.00000000     0.00807145   0.00905083
  0.00832154   0.00000000     0.28862707   0.00000000     0.00807145   0.00905083
  0.00807145  -0.00905083     0.00807145  -0.00905083     0.34696278   0.00000000
    1    2
  0.07554833  -0.07265625    -0.17102667  -0.05050553    -0.05379084   0.05047155
 -0.17102667  -0.05050553     0.07554833  -0.07265625    -0.05379084   0.05047155
 -0.05379084   0.05047155    -0.05379084   0.05047155     0.09180133  -0.07190602
    2    1
  0.07554833   0.07265625    -0.17102667   0.05050553    -0.05379084  -0.05047155
 -0.17102667   0.05050553     0.07554833   0.07265625    -0.05379084  -0.05047155
 -0.05379084  -0.05047155    -0.05379084  -0.05047155     0.09180133   0.07190602
    2    2
  0.28862707   0.00000000     0.00832154   0.00000000     0.00807145  -0.00905083
  0.00832154   0.00000000     0.28862707   0.00000000     0.00807145  -0.00905083
  0.00807145   0.00905083     0.00807145   0.00905083     0.34696278   0.00000000

     Dynamical  Matrix in cartesian axes

     q = (    0.250000000  -0.750000000  -0.750000000 ) 

    1    1
  0.34696278   0.00000000    -0.00807145   0.00905083    -0.00807145   0.00905083
 -0.00807145  -0.00905083     0.28862707   0.00000000     0.00832154   0.00000000
 -0.00807145  -0.00905083     0.00832154   0.00000000     0.28862707   0.00000000
    1    2
 -0.07190602  -0.09180133    -0.05047155  -0.05379084    -0.05047155  -0.05379084
 -0.05047155  -0.05379084    -0.07265625  -0.07554833    -0.05050553   0.17102667
 -0.05047155  -0.05379084    -0.05050553   0.17102667    -0.07265625  -0.07554833
    2    1
 -0.07190602   0.09180133    -0.05047155   0.05379084    -0.05047155   0.05379084
 -0.05047155   0.05379084    -0.07265625   0.07554833    -0.05050553  -0.17102667
 -0.05047155   0.05379084    -0.05050553  -0.17102667    -0.07265625   0.07554833
    2    2
  0.34696278   0.00000000    -0.00807145  -0.00905083    -0.00807145  -0.00905083
 -0.00807145   0.00905083     0.28862707   0.00000000     0.00832154   0.00000000
 -0.00807145   0.00905083     0.00832154   0.00000000     0.28862707   0.00000000

     Dynamical  Matrix in cartesian axes

     q = (    0.750000000  -0.750000000  -0.250000000 ) 

    1    1
  0.28862707   0.00000000    -0.00832154   0.00000000    -0.00807145  -0.00905083
 -0.00832154   0.00000000     0.28862707   0.00000000     0.00807145   0.00905083
 -0.00807145   0.00905083     0.00807145  -0.00905083     0.34696278   0.00000000
    1    2
 -0.07554833   0.07265625    -0.17102667  -0.05050553    -0.05379084   0.05047155
 -0.17102667  -0.05050553    -0.07554833   0.07265625     0.05379084  -0.05047155
 -0.05379084   0.05047155     0.05379084  -0.05047155    -0.09180133   0.07190602
    2    1
 -0.07554833  -0.07265625    -0.17102667   0.05050553    -0.05379084  -0.05047155
 -0.17102667   0.05050553    -0.07554833  -0.07265625     0.05379084   0.05047155
 -0.05379084  -0.05047155     0.05379084   0.05047155    -0.09180133  -0.07190602
    2    2
  0.28862707   0.00000000    -0.00832154   0.00000000    -0.00807145   0.00905083
 -0.00832154   0.00000000     0.28862707   0.00000000     0.00807145  -0.00905083
 -0.00807145  -0.00905083     0.00807145   0.00905083     0.34696278   0.00000000

     Diagonalizing the dynamical matrix

     q = (    0.750000000  -0.250000000   0.750000000 ) 

 **************************************************************************
     freq (    1) =       3.720389 [THz] =     124.098817 [cm-1]
 ( -0.044737  0.497995  0.000000 -0.000000  0.044737 -0.497995 ) 
 ( -0.500000  0.000000  0.000000  0.000000  0.500000  0.000000 ) 
     freq (    2) =       6.052693 [THz] =     201.896108 [cm-1]
 ( -0.386514 -0.174122 -0.343765  0.149676 -0.386514 -0.174122 ) 
 ( -0.423924  0.000000 -0.251951 -0.277665 -0.423924  0.000000 ) 
     freq (    3) =      10.040604 [THz] =     334.918503 [cm-1]
 ( -0.129845  0.280379 -0.360064 -0.423568 -0.129845  0.280379 ) 
 (  0.308986 -0.000000 -0.233045 -0.504724  0.308986  0.000000 ) 
     freq (    4) =      13.187639 [THz] =     439.892297 [cm-1]
 ( -0.045726 -0.310830  0.399147  0.378509 -0.045726 -0.310830 ) 
 (  0.314175 -0.000000 -0.432572 -0.339808  0.314175  0.000000 ) 
     freq (    5) =      14.939290 [THz] =     498.321072 [cm-1]
 ( -0.044737  0.497995  0.000000 -0.000000  0.044737 -0.497995 ) 
 (  0.500000 -0.000000  0.000000 -0.000000 -0.500000  0.000000 ) 
     freq (    6) =      15.268355 [THz] =     509.297506 [cm-1]
 (  0.307970  0.176820  0.450207 -0.212349  0.307970  0.176820 ) 
 ( -0.355121  0.000000 -0.284699 -0.408320 -0.355121  0.000000 ) 
 **************************************************************************
