Dynamical matrix file
Ph                                                                         
  1    2   2  10.4000000   0.0000000   0.0000000   0.0000000   0.0000000   0.0000000
           1  'Si  '    25598.823011949724     
    1    1      0.0000000000      0.0000000000      0.0000000000
    2    1      0.2500000000      0.2500000000      0.2500000000

     Dynamical  Matrix in cartesian axes

     q = (   -0.250000000   0.250000000  -0.250000000 ) 

    1    1
  0.25216978   0.00000000    -0.01202073   0.00000000     0.01202073   0.00000000
 -0.01202073   0.00000000     0.25216978   0.00000000    -0.01202073   0.00000000
  0.01202073   0.00000000    -0.01202073   0.00000000     0.25216978   0.00000000
    1    2
 -0.18974522  -0.05755785    -0.02916457   0.03143668     0.02916457  -0.03143668
 -0.02916457   0.03143668    -0.18974522  -0.05755785    -0.02916457   0.03143668
  0.02916457  -0.03143668    -0.02916457   0.03143668    -0.18974522  -0.05755785
    2    1
 -0.18974522   0.05755785    -0.02916457  -0.03143668     0.02916457   0.03143668
 -0.02916457  -0.03143668    -0.18974522   0.05755785    -0.02916457  -0.03143668
  0.02916457   0.03143668    -0.02916457  -0.03143668    -0.18974522   0.05755785
    2    2
  0.25216978   0.00000000    -0.01202073   0.00000000     0.01202073   0.00000000
 -0.01202073   0.00000000     0.25216978   0.00000000    -0.01202073   0.00000000
  0.01202073   0.00000000    -0.01202073   0.00000000     0.25216978   0.00000000

     Dynamical  Matrix in cartesian axes

     q = (    0.250000000  -0.250000000  -0.250000000 ) 

    1    1
  0.25216978   0.00000000    -0.01202073   0.00000000    -0.01202073   0.00000000
 -0.01202073   0.00000000     0.25216978   0.00000000     0.01202073   0.00000000
 -0.01202073   0.00000000     0.01202073   0.00000000     0.25216978   0.00000000
    1    2
 -0.18974522  -0.05755785    -0.02916457   0.03143668    -0.02916457   0.03143668
 -0.02916457   0.03143668    -0.18974522  -0.05755785     0.02916457  -0.03143668
 -0.02916457   0.03143668     0.02916457  -0.03143668    -0.18974522  -0.05755785
    2    1
 -0.18974522   0.05755785    -0.02916457  -0.03143668    -0.02916457  -0.03143668
 -0.02916457  -0.03143668    -0.18974522   0.05755785     0.02916457   0.03143668
 -0.02916457  -0.03143668     0.02916457   0.03143668    -0.18974522   0.05755785
    2    2
  0.25216978   0.00000000    -0.01202073   0.00000000    -0.01202073   0.00000000
 -0.01202073   0.00000000     0.25216978   0.00000000     0.01202073   0.00000000
 -0.01202073   0.00000000     0.01202073   0.00000000     0.25216978   0.00000000

     Dynamical  Matrix in cartesian axes

     q = (    0.250000000  -0.250000000   0.250000000 ) 

    1    1
  0.25216978   0.00000000    -0.01202073   0.00000000     0.01202073   0.00000000
 -0.01202073   0.00000000     0.25216978   0.00000000    -0.01202073   0.00000000
  0.01202073   0.00000000    -0.01202073   0.00000000     0.25216978   0.00000000
    1    2
 -0.18974522   0.05755785    -0.02916457  -0.03143668     0.02916457   0.03143668
 -0.02916457  -0.03143668    -0.18974522   0.05755785    -0.02916457  -0.03143668
  0.02916457   0.03143668    -0.02916457  -0.03143668    -0.18974522   0.05755785
    2    1
 -0.18974522  -0.05755785    -0.02916457   0.03143668     0.02916457  -0.03143668
 -0.02916457   0.03143668    -0.18974522  -0.05755785    -0.02916457   0.03143668
  0.02916457  -0.03143668    -0.02916457   0.03143668    -0.18974522  -0.05755785
    2    2
  0.25216978   0.00000000    -0.01202073   0.00000000     0.01202073   0.00000000
 -0.01202073   0.00000000     0.25216978   0.00000000    -0.01202073   0.00000000
  0.01202073   0.00000000    -0.01202073   0.00000000     0.25216978   0.00000000

     Dynamical  Matrix in cartesian axes

     q = (    0.250000000   0.250000000   0.250000000 ) 

    1    1
  0.25216978   0.00000000     0.01202073   0.00000000     0.01202073   0.00000000
  0.01202073   0.00000000     0.25216978   0.00000000     0.01202073   0.00000000
  0.01202073   0.00000000     0.01202073   0.00000000     0.25216978   0.00000000
    1    2
 -0.05755785   0.18974522    -0.03143668  -0.02916457    -0.03143668  -0.02916457
 -0.03143668  -0.02916457    -0.05755785   0.18974522    -0.03143668  -0.02916457
 -0.03143668  -0.02916457    -0.03143668  -0.02916457    -0.05755785   0.18974522
    2    1
 -0.05755785  -0.18974522    -0.03143668   0.02916457    -0.03143668   0.02916457
 -0.03143668   0.02916457    -0.05755785  -0.18974522    -0.03143668   0.02916457
 -0.03143668   0.02916457    -0.03143668   0.02916457    -0.05755785  -0.18974522
    2    2
  0.25216978   0.00000000     0.01202073   0.00000000     0.01202073   0.00000000
  0.01202073   0.00000000     0.25216978   0.00000000     0.01202073   0.00000000
  0.01202073   0.00000000     0.01202073   0.00000000     0.25216978   0.00000000

     Dynamical  Matrix in cartesian axes

     q = (   -0.250000000  -0.250000000  -0.250000000 ) 

    1    1
  0.25216978   0.00000000     0.01202073   0.00000000     0.01202073   0.00000000
  0.01202073   0.00000000     0.25216978   0.00000000     0.01202073   0.00000000
  0.01202073   0.00000000     0.01202073   0.00000000     0.25216978   0.00000000
    1    2
 -0.05755785  -0.18974522    -0.03143668   0.02916457    -0.03143668   0.02916457
 -0.03143668   0.02916457    -0.05755785  -0.18974522    -0.03143668   0.02916457
 -0.03143668   0.02916457    -0.03143668   0.02916457    -0.05755785  -0.18974522
    2    1
 -0.05755785   0.18974522    -0.03143668  -0.02916457    -0.03143668  -0.02916457
 -0.03143668  -0.02916457    -0.05755785   0.18974522    -0.03143668  -0.02916457
 -0.03143668  -0.02916457    -0.03143668  -0.02916457    -0.05755785   0.18974522
    2    2
  0.25216978   0.00000000     0.01202073   0.00000000     0.01202073   0.00000000
  0.01202073   0.00000000     0.25216978   0.00000000     0.01202073   0.00000000
  0.01202073   0.00000000     0.01202073   0.00000000     0.25216978   0.00000000

     Dynamical  Matrix in cartesian axes

     q = (   -0.250000000  -0.250000000   0.250000000 ) 

    1    1
  0.25216978   0.00000000     0.01202073   0.00000000    -0.01202073   0.00000000
  0.01202073   0.00000000     0.25216978   0.00000000    -0.01202073   0.00000000
 -0.01202073   0.00000000    -0.01202073   0.00000000     0.25216978   0.00000000
    1    2
 -0.18974522  -0.05755785     0.02916457  -0.03143668    -0.02916457   0.03143668
  0.02916457  -0.03143668    -0.18974522  -0.05755785    -0.02916457   0.03143668
 -0.02916457   0.03143668    -0.02916457   0.03143668    -0.18974522  -0.05755785
    2    1
 -0.18974522   0.05755785     0.02916457   0.03143668    -0.02916457  -0.03143668
  0.02916457   0.03143668    -0.18974522   0.05755785    -0.02916457  -0.03143668
 -0.02916457  -0.03143668    -0.02916457  -0.03143668    -0.18974522   0.05755785
    2    2
  0.25216978   0.00000000     0.01202073   0.00000000    -0.01202073   0.00000000
  0.01202073   0.00000000     0.25216978   0.00000000    -0.01202073   0.00000000
 -0.01202073   0.00000000    -0.01202073   0.00000000     0.25216978   0.00000000

     Dynamical  Matrix in cartesian axes

     q = (   -0.250000000   0.250000000   0.250000000 ) 

    1    1
  0.25216978   0.00000000    -0.01202073   0.00000000    -0.01202073   0.00000000
 -0.01202073   0.00000000     0.25216978   0.00000000     0.01202073   0.00000000
 -0.01202073   0.00000000     0.01202073   0.00000000     0.25216978   0.00000000
    1    2
 -0.18974522   0.05755785    -0.02916457  -0.03143668    -0.02916457  -0.03143668
 -0.02916457  -0.03143668    -0.18974522   0.05755785     0.02916457   0.03143668
 -0.02916457  -0.03143668     0.02916457   0.03143668    -0.18974522   0.05755785
    2    1
 -0.18974522  -0.05755785    -0.02916457   0.03143668    -0.02916457   0.03143668
 -0.02916457   0.03143668    -0.18974522  -0.05755785     0.02916457  -0.03143668
 -0.02916457   0.03143668     0.02916457  -0.03143668    -0.18974522  -0.05755785
    2    2
  0.25216978   0.00000000    -0.01202073   0.00000000    -0.01202073   0.00000000
 -0.01202073   0.00000000     0.25216978   0.00000000     0.01202073   0.00000000
 -0.01202073   0.00000000     0.01202073   0.00000000     0.25216978   0.00000000

     Dynamical  Matrix in cartesian axes

     q = (    0.250000000   0.250000000  -0.250000000 ) 

    1    1
  0.25216978   0.00000000     0.01202073   0.00000000    -0.01202073   0.00000000
  0.01202073   0.00000000     0.25216978   0.00000000    -0.01202073   0.00000000
 -0.01202073   0.00000000    -0.01202073   0.00000000     0.25216978   0.00000000
    1    2
 -0.18974522   0.05755785     0.02916457   0.03143668    -0.02916457  -0.03143668
  0.02916457   0.03143668    -0.18974522   0.05755785    -0.02916457  -0.03143668
 -0.02916457  -0.03143668    -0.02916457  -0.03143668    -0.18974522   0.05755785
    2    1
 -0.18974522  -0.05755785     0.02916457  -0.03143668    -0.02916457   0.03143668
  0.02916457  -0.03143668    -0.18974522  -0.05755785    -0.02916457   0.03143668
 -0.02916457   0.03143668    -0.02916457   0.03143668    -0.18974522  -0.05755785
    2    2
  0.25216978   0.00000000     0.01202073   0.00000000    -0.01202073   0.00000000
  0.01202073   0.00000000     0.25216978   0.00000000    -0.01202073   0.00000000
 -0.01202073   0.00000000    -0.01202073   0.00000000     0.25216978   0.00000000

     Diagonalizing the dynamical matrix

     q = (   -0.250000000   0.250000000  -0.250000000 ) 

 **************************************************************************
     freq (    1) =       2.885011 [THz] =      96.233594 [cm-1]
 (  0.526398  0.003338  0.468486 -0.003572 -0.057912 -0.006910 ) 
 (  0.523086 -0.059055  0.464763 -0.059055 -0.058323  0.000000 ) 
     freq (    2) =       2.885011 [THz] =      96.233594 [cm-1]
 (  0.234666  0.034040 -0.335684 -0.034016 -0.570351 -0.068057 ) 
 (  0.237047  0.005996 -0.337350  0.005996 -0.574397  0.000000 ) 
     freq (    3) =       6.435573 [THz] =     214.667592 [cm-1]
 (  0.300980  0.275822 -0.300980 -0.275822  0.300980  0.275822 ) 
 (  0.408248  0.000000 -0.408248  0.000000  0.408248  0.000000 ) 
     freq (    4) =      13.861637 [THz] =     462.374454 [cm-1]
 (  0.300980  0.275822 -0.300980 -0.275822  0.300980  0.275822 ) 
 ( -0.408248  0.000000  0.408248 -0.000000 -0.408248  0.000000 ) 
     freq (    5) =      13.955087 [THz] =     465.491605 [cm-1]
 (  0.539979 -0.024056  0.106238 -0.075812 -0.433741 -0.051756 ) 
 ( -0.533325  0.087865 -0.096508  0.087865  0.436818  0.000000 ) 
     freq (    6) =      13.955087 [THz] =     465.491605 [cm-1]
 ( -0.186425  0.080142 -0.561289  0.035411 -0.374864 -0.044730 ) 
 (  0.175617 -0.101665  0.553140 -0.101665  0.377523 -0.000000 ) 
 **************************************************************************
