Dynamical matrix file
Ph                                                                         
  1    2  2 10.4000000  0.0000000  0.0000000  0.0000000  0.0000000  0.0000000
           1  'Si  '    25598.822984527003     
    1    1      0.0000000000      0.0000000000      0.0000000000
    2    1      0.2500000000      0.2500000000      0.2500000000

     Dynamical  Matrix in cartesian axes

     q = (    0.750000000  -0.250000000   0.750000000 ) 

    1    1
  0.22126346  0.00000000   -0.00588702  0.00785323    0.00591128  0.00000000
 -0.00588702 -0.00785323    0.27267118  0.00000000   -0.00588702 -0.00785323
  0.00591128  0.00000000   -0.00588702  0.00785323    0.22126346  0.00000000
    1    2
 -0.05680993  0.05871994   -0.03147645  0.03355035   -0.03096398 -0.10756637
 -0.03147645  0.03355035   -0.05646013  0.07521949   -0.03147645  0.03355035
 -0.03096398 -0.10756637   -0.03147645  0.03355035   -0.05680993  0.05871994
    2    1
 -0.05680993 -0.05871994   -0.03147645 -0.03355035   -0.03096398  0.10756637
 -0.03147645 -0.03355035   -0.05646013 -0.07521949   -0.03147645 -0.03355035
 -0.03096398  0.10756637   -0.03147645 -0.03355035   -0.05680993 -0.05871994
    2    2
  0.22126346  0.00000000   -0.00588702 -0.00785323    0.00591128  0.00000000
 -0.00588702  0.00785323    0.27267118  0.00000000   -0.00588702  0.00785323
  0.00591128  0.00000000   -0.00588702 -0.00785323    0.22126346  0.00000000

     Dynamical  Matrix in cartesian axes

     q = (    0.750000000  -0.250000000  -0.750000000 ) 

    1    1
  0.22126346  0.00000000   -0.00588702 -0.00785323   -0.00591128  0.00000000
 -0.00588702  0.00785323    0.27267118  0.00000000    0.00588702 -0.00785323
 -0.00591128  0.00000000    0.00588702  0.00785323    0.22126346  0.00000000
    1    2
 -0.05871994  0.05680993   -0.03355035  0.03147645   -0.10756637 -0.03096398
 -0.03355035  0.03147645   -0.07521949  0.05646013    0.03355035 -0.03147645
 -0.10756637 -0.03096398    0.03355035 -0.03147645   -0.05871994  0.05680993
    2    1
 -0.05871994 -0.05680993   -0.03355035 -0.03147645   -0.10756637  0.03096398
 -0.03355035 -0.03147645   -0.07521949 -0.05646013    0.03355035  0.03147645
 -0.10756637  0.03096398    0.03355035  0.03147645   -0.05871994 -0.05680993
    2    2
  0.22126346  0.00000000   -0.00588702  0.00785323   -0.00591128  0.00000000
 -0.00588702 -0.00785323    0.27267118  0.00000000    0.00588702  0.00785323
 -0.00591128  0.00000000    0.00588702 -0.00785323    0.22126346  0.00000000

     Dynamical  Matrix in cartesian axes

     q = (   -0.750000000  -0.250000000  -0.750000000 ) 

    1    1
  0.22126346  0.00000000    0.00588702 -0.00785323    0.00591128  0.00000000
  0.00588702  0.00785323    0.27267118  0.00000000    0.00588702  0.00785323
  0.00591128  0.00000000    0.00588702 -0.00785323    0.22126346  0.00000000
    1    2
  0.05871994  0.05680993   -0.03355035 -0.03147645   -0.10756637  0.03096398
 -0.03355035 -0.03147645    0.07521949  0.05646013   -0.03355035 -0.03147645
 -0.10756637  0.03096398   -0.03355035 -0.03147645    0.05871994  0.05680993
    2    1
  0.05871994 -0.05680993   -0.03355035  0.03147645   -0.10756637 -0.03096398
 -0.03355035  0.03147645    0.07521949 -0.05646013   -0.03355035  0.03147645
 -0.10756637 -0.03096398   -0.03355035  0.03147645    0.05871994 -0.05680993
    2    2
  0.22126346  0.00000000    0.00588702  0.00785323    0.00591128  0.00000000
  0.00588702 -0.00785323    0.27267118  0.00000000    0.00588702 -0.00785323
  0.00591128  0.00000000    0.00588702  0.00785323    0.22126346  0.00000000

     Dynamical  Matrix in cartesian axes

     q = (   -0.750000000  -0.250000000   0.750000000 ) 

    1    1
  0.22126346  0.00000000    0.00588702  0.00785323   -0.00591128  0.00000000
  0.00588702 -0.00785323    0.27267118  0.00000000   -0.00588702  0.00785323
 -0.00591128  0.00000000   -0.00588702 -0.00785323    0.22126346  0.00000000
    1    2
 -0.05871994  0.05680993    0.03355035 -0.03147645   -0.10756637 -0.03096398
  0.03355035 -0.03147645   -0.07521949  0.05646013   -0.03355035  0.03147645
 -0.10756637 -0.03096398   -0.03355035  0.03147645   -0.05871994  0.05680993
    2    1
 -0.05871994 -0.05680993    0.03355035  0.03147645   -0.10756637  0.03096398
  0.03355035  0.03147645   -0.07521949 -0.05646013   -0.03355035 -0.03147645
 -0.10756637  0.03096398   -0.03355035 -0.03147645   -0.05871994 -0.05680993
    2    2
  0.22126346  0.00000000    0.00588702 -0.00785323   -0.00591128  0.00000000
  0.00588702  0.00785323    0.27267118  0.00000000   -0.00588702 -0.00785323
 -0.00591128  0.00000000   -0.00588702  0.00785323    0.22126346  0.00000000

     Dynamical  Matrix in cartesian axes

     q = (   -0.750000000   0.250000000  -0.750000000 ) 

    1    1
  0.22126346  0.00000000   -0.00588702 -0.00785323    0.00591128  0.00000000
 -0.00588702  0.00785323    0.27267118  0.00000000   -0.00588702  0.00785323
  0.00591128  0.00000000   -0.00588702 -0.00785323    0.22126346  0.00000000
    1    2
 -0.05680993 -0.05871994   -0.03147645 -0.03355035   -0.03096398  0.10756637
 -0.03147645 -0.03355035   -0.05646013 -0.07521949   -0.03147645 -0.03355035
 -0.03096398  0.10756637   -0.03147645 -0.03355035   -0.05680993 -0.05871994
    2    1
 -0.05680993  0.05871994   -0.03147645  0.03355035   -0.03096398 -0.10756637
 -0.03147645  0.03355035   -0.05646013  0.07521949   -0.03147645  0.03355035
 -0.03096398 -0.10756637   -0.03147645  0.03355035   -0.05680993  0.05871994
    2    2
  0.22126346  0.00000000   -0.00588702  0.00785323    0.00591128  0.00000000
 -0.00588702 -0.00785323    0.27267118  0.00000000   -0.00588702 -0.00785323
  0.00591128  0.00000000   -0.00588702  0.00785323    0.22126346  0.00000000

     Dynamical  Matrix in cartesian axes

     q = (   -0.250000000   0.750000000  -0.750000000 ) 

    1    1
  0.27267118  0.00000000   -0.00588702  0.00785323    0.00588702 -0.00785323
 -0.00588702 -0.00785323    0.22126346  0.00000000   -0.00591128  0.00000000
  0.00588702  0.00785323   -0.00591128  0.00000000    0.22126346  0.00000000
    1    2
 -0.07521949  0.05646013   -0.03355035  0.03147645    0.03355035 -0.03147645
 -0.03355035  0.03147645   -0.05871994  0.05680993   -0.10756637 -0.03096398
  0.03355035 -0.03147645   -0.10756637 -0.03096398   -0.05871994  0.05680993
    2    1
 -0.07521949 -0.05646013   -0.03355035 -0.03147645    0.03355035  0.03147645
 -0.03355035 -0.03147645   -0.05871994 -0.05680993   -0.10756637  0.03096398
  0.03355035  0.03147645   -0.10756637  0.03096398   -0.05871994 -0.05680993
    2    2
  0.27267118  0.00000000   -0.00588702 -0.00785323    0.00588702  0.00785323
 -0.00588702  0.00785323    0.22126346  0.00000000   -0.00591128  0.00000000
  0.00588702 -0.00785323   -0.00591128  0.00000000    0.22126346  0.00000000

     Dynamical  Matrix in cartesian axes

     q = (   -0.750000000   0.750000000  -0.250000000 ) 

    1    1
  0.22126346  0.00000000   -0.00591128  0.00000000    0.00588702  0.00785323
 -0.00591128  0.00000000    0.22126346  0.00000000   -0.00588702 -0.00785323
  0.00588702 -0.00785323   -0.00588702  0.00785323    0.27267118  0.00000000
    1    2
 -0.05871994  0.05680993   -0.10756637 -0.03096398    0.03355035 -0.03147645
 -0.10756637 -0.03096398   -0.05871994  0.05680993   -0.03355035  0.03147645
  0.03355035 -0.03147645   -0.03355035  0.03147645   -0.07521949  0.05646013
    2    1
 -0.05871994 -0.05680993   -0.10756637  0.03096398    0.03355035  0.03147645
 -0.10756637  0.03096398   -0.05871994 -0.05680993   -0.03355035 -0.03147645
  0.03355035  0.03147645   -0.03355035 -0.03147645   -0.07521949 -0.05646013
    2    2
  0.22126346  0.00000000   -0.00591128  0.00000000    0.00588702 -0.00785323
 -0.00591128  0.00000000    0.22126346  0.00000000   -0.00588702  0.00785323
  0.00588702  0.00785323   -0.00588702 -0.00785323    0.27267118  0.00000000

     Dynamical  Matrix in cartesian axes

     q = (    0.750000000   0.250000000   0.750000000 ) 

    1    1
  0.22126346  0.00000000    0.00588702  0.00785323    0.00591128  0.00000000
  0.00588702 -0.00785323    0.27267118  0.00000000    0.00588702 -0.00785323
  0.00591128  0.00000000    0.00588702  0.00785323    0.22126346  0.00000000
    1    2
  0.05871994 -0.05680993   -0.03355035  0.03147645   -0.10756637 -0.03096398
 -0.03355035  0.03147645    0.07521949 -0.05646013   -0.03355035  0.03147645
 -0.10756637 -0.03096398   -0.03355035  0.03147645    0.05871994 -0.05680993
    2    1
  0.05871994  0.05680993   -0.03355035 -0.03147645   -0.10756637  0.03096398
 -0.03355035 -0.03147645    0.07521949  0.05646013   -0.03355035 -0.03147645
 -0.10756637  0.03096398   -0.03355035 -0.03147645    0.05871994  0.05680993
    2    2
  0.22126346  0.00000000    0.00588702 -0.00785323    0.00591128  0.00000000
  0.00588702  0.00785323    0.27267118  0.00000000    0.00588702  0.00785323
  0.00591128  0.00000000    0.00588702 -0.00785323    0.22126346  0.00000000

     Dynamical  Matrix in cartesian axes

     q = (   -0.750000000   0.250000000   0.750000000 ) 

    1    1
  0.22126346  0.00000000   -0.00588702  0.00785323   -0.00591128  0.00000000
 -0.00588702 -0.00785323    0.27267118  0.00000000    0.00588702  0.00785323
 -0.00591128  0.00000000    0.00588702 -0.00785323    0.22126346  0.00000000
    1    2
 -0.05871994 -0.05680993   -0.03355035 -0.03147645   -0.10756637  0.03096398
 -0.03355035 -0.03147645   -0.07521949 -0.05646013    0.03355035  0.03147645
 -0.10756637  0.03096398    0.03355035  0.03147645   -0.05871994 -0.05680993
    2    1
 -0.05871994  0.05680993   -0.03355035  0.03147645   -0.10756637 -0.03096398
 -0.03355035  0.03147645   -0.07521949  0.05646013    0.03355035 -0.03147645
 -0.10756637 -0.03096398    0.03355035 -0.03147645   -0.05871994  0.05680993
    2    2
  0.22126346  0.00000000   -0.00588702 -0.00785323   -0.00591128  0.00000000
 -0.00588702  0.00785323    0.27267118  0.00000000    0.00588702 -0.00785323
 -0.00591128  0.00000000    0.00588702  0.00785323    0.22126346  0.00000000

     Dynamical  Matrix in cartesian axes

     q = (    0.750000000   0.250000000  -0.750000000 ) 

    1    1
  0.22126346  0.00000000    0.00588702 -0.00785323   -0.00591128  0.00000000
  0.00588702  0.00785323    0.27267118  0.00000000   -0.00588702 -0.00785323
 -0.00591128  0.00000000   -0.00588702  0.00785323    0.22126346  0.00000000
    1    2
 -0.05871994 -0.05680993    0.03355035  0.03147645   -0.10756637  0.03096398
  0.03355035  0.03147645   -0.07521949 -0.05646013   -0.03355035 -0.03147645
 -0.10756637  0.03096398   -0.03355035 -0.03147645   -0.05871994 -0.05680993
    2    1
 -0.05871994  0.05680993    0.03355035 -0.03147645   -0.10756637 -0.03096398
  0.03355035 -0.03147645   -0.07521949  0.05646013   -0.03355035  0.03147645
 -0.10756637 -0.03096398   -0.03355035  0.03147645   -0.05871994  0.05680993
    2    2
  0.22126346  0.00000000    0.00588702  0.00785323   -0.00591128  0.00000000
  0.00588702 -0.00785323    0.27267118  0.00000000   -0.00588702  0.00785323
 -0.00591128  0.00000000   -0.00588702 -0.00785323    0.22126346  0.00000000

     Dynamical  Matrix in cartesian axes

     q = (   -0.750000000   0.750000000   0.250000000 ) 

    1    1
  0.22126346  0.00000000   -0.00591128  0.00000000   -0.00588702  0.00785323
 -0.00591128  0.00000000    0.22126346  0.00000000    0.00588702 -0.00785323
 -0.00588702 -0.00785323    0.00588702  0.00785323    0.27267118  0.00000000
    1    2
 -0.05871994 -0.05680993   -0.10756637  0.03096398   -0.03355035 -0.03147645
 -0.10756637  0.03096398   -0.05871994 -0.05680993    0.03355035  0.03147645
 -0.03355035 -0.03147645    0.03355035  0.03147645   -0.07521949 -0.05646013
    2    1
 -0.05871994  0.05680993   -0.10756637 -0.03096398   -0.03355035  0.03147645
 -0.10756637 -0.03096398   -0.05871994  0.05680993    0.03355035 -0.03147645
 -0.03355035  0.03147645    0.03355035 -0.03147645   -0.07521949  0.05646013
    2    2
  0.22126346  0.00000000   -0.00591128  0.00000000   -0.00588702 -0.00785323
 -0.00591128  0.00000000    0.22126346  0.00000000    0.00588702  0.00785323
 -0.00588702  0.00785323    0.00588702 -0.00785323    0.27267118  0.00000000

     Dynamical  Matrix in cartesian axes

     q = (   -0.250000000   0.750000000   0.750000000 ) 

    1    1
  0.27267118  0.00000000   -0.00588702 -0.00785323   -0.00588702 -0.00785323
 -0.00588702  0.00785323    0.22126346  0.00000000    0.00591128  0.00000000
 -0.00588702  0.00785323    0.00591128  0.00000000    0.22126346  0.00000000
    1    2
 -0.05646013  0.07521949   -0.03147645  0.03355035   -0.03147645  0.03355035
 -0.03147645  0.03355035   -0.05680993  0.05871994   -0.03096398 -0.10756637
 -0.03147645  0.03355035   -0.03096398 -0.10756637   -0.05680993  0.05871994
    2    1
 -0.05646013 -0.07521949   -0.03147645 -0.03355035   -0.03147645 -0.03355035
 -0.03147645 -0.03355035   -0.05680993 -0.05871994   -0.03096398  0.10756637
 -0.03147645 -0.03355035   -0.03096398  0.10756637   -0.05680993 -0.05871994
    2    2
  0.27267118  0.00000000   -0.00588702  0.00785323   -0.00588702  0.00785323
 -0.00588702 -0.00785323    0.22126346  0.00000000    0.00591128  0.00000000
 -0.00588702 -0.00785323    0.00591128  0.00000000    0.22126346  0.00000000

     Dynamical  Matrix in cartesian axes

     q = (    0.250000000   0.750000000  -0.750000000 ) 

    1    1
  0.27267118  0.00000000    0.00588702  0.00785323   -0.00588702 -0.00785323
  0.00588702 -0.00785323    0.22126346  0.00000000   -0.00591128  0.00000000
 -0.00588702  0.00785323   -0.00591128  0.00000000    0.22126346  0.00000000
    1    2
 -0.07521949 -0.05646013    0.03355035  0.03147645   -0.03355035 -0.03147645
  0.03355035  0.03147645   -0.05871994 -0.05680993   -0.10756637  0.03096398
 -0.03355035 -0.03147645   -0.10756637  0.03096398   -0.05871994 -0.05680993
    2    1
 -0.07521949  0.05646013    0.03355035 -0.03147645   -0.03355035  0.03147645
  0.03355035 -0.03147645   -0.05871994  0.05680993   -0.10756637 -0.03096398
 -0.03355035  0.03147645   -0.10756637 -0.03096398   -0.05871994  0.05680993
    2    2
  0.27267118  0.00000000    0.00588702 -0.00785323   -0.00588702  0.00785323
  0.00588702  0.00785323    0.22126346  0.00000000   -0.00591128  0.00000000
 -0.00588702 -0.00785323   -0.00591128  0.00000000    0.22126346  0.00000000

     Dynamical  Matrix in cartesian axes

     q = (   -0.250000000  -0.750000000  -0.750000000 ) 

    1    1
  0.27267118  0.00000000    0.00588702  0.00785323    0.00588702  0.00785323
  0.00588702 -0.00785323    0.22126346  0.00000000    0.00591128  0.00000000
  0.00588702 -0.00785323    0.00591128  0.00000000    0.22126346  0.00000000
    1    2
  0.07521949  0.05646013   -0.03355035 -0.03147645   -0.03355035 -0.03147645
 -0.03355035 -0.03147645    0.05871994  0.05680993   -0.10756637  0.03096398
 -0.03355035 -0.03147645   -0.10756637  0.03096398    0.05871994  0.05680993
    2    1
  0.07521949 -0.05646013   -0.03355035  0.03147645   -0.03355035  0.03147645
 -0.03355035  0.03147645    0.05871994 -0.05680993   -0.10756637 -0.03096398
 -0.03355035  0.03147645   -0.10756637 -0.03096398    0.05871994 -0.05680993
    2    2
  0.27267118  0.00000000    0.00588702 -0.00785323    0.00588702 -0.00785323
  0.00588702  0.00785323    0.22126346  0.00000000    0.00591128  0.00000000
  0.00588702  0.00785323    0.00591128  0.00000000    0.22126346  0.00000000

     Dynamical  Matrix in cartesian axes

     q = (    0.750000000   0.750000000  -0.250000000 ) 

    1    1
  0.22126346  0.00000000    0.00591128  0.00000000   -0.00588702  0.00785323
  0.00591128  0.00000000    0.22126346  0.00000000   -0.00588702  0.00785323
 -0.00588702 -0.00785323   -0.00588702 -0.00785323    0.27267118  0.00000000
    1    2
 -0.05680993  0.05871994   -0.03096398 -0.10756637   -0.03147645  0.03355035
 -0.03096398 -0.10756637   -0.05680993  0.05871994   -0.03147645  0.03355035
 -0.03147645  0.03355035   -0.03147645  0.03355035   -0.05646013  0.07521949
    2    1
 -0.05680993 -0.05871994   -0.03096398  0.10756637   -0.03147645 -0.03355035
 -0.03096398  0.10756637   -0.05680993 -0.05871994   -0.03147645 -0.03355035
 -0.03147645 -0.03355035   -0.03147645 -0.03355035   -0.05646013 -0.07521949
    2    2
  0.22126346  0.00000000    0.00591128  0.00000000   -0.00588702 -0.00785323
  0.00591128  0.00000000    0.22126346  0.00000000   -0.00588702 -0.00785323
 -0.00588702  0.00785323   -0.00588702  0.00785323    0.27267118  0.00000000

     Dynamical  Matrix in cartesian axes

     q = (    0.750000000  -0.750000000   0.250000000 ) 

    1    1
  0.22126346  0.00000000   -0.00591128  0.00000000    0.00588702 -0.00785323
 -0.00591128  0.00000000    0.22126346  0.00000000   -0.00588702  0.00785323
  0.00588702  0.00785323   -0.00588702 -0.00785323    0.27267118  0.00000000
    1    2
 -0.05871994 -0.05680993   -0.10756637  0.03096398    0.03355035  0.03147645
 -0.10756637  0.03096398   -0.05871994 -0.05680993   -0.03355035 -0.03147645
  0.03355035  0.03147645   -0.03355035 -0.03147645   -0.07521949 -0.05646013
    2    1
 -0.05871994  0.05680993   -0.10756637 -0.03096398    0.03355035 -0.03147645
 -0.10756637 -0.03096398   -0.05871994  0.05680993   -0.03355035  0.03147645
  0.03355035 -0.03147645   -0.03355035  0.03147645   -0.07521949  0.05646013
    2    2
  0.22126346  0.00000000   -0.00591128  0.00000000    0.00588702  0.00785323
 -0.00591128  0.00000000    0.22126346  0.00000000   -0.00588702 -0.00785323
  0.00588702 -0.00785323   -0.00588702  0.00785323    0.27267118  0.00000000

     Dynamical  Matrix in cartesian axes

     q = (   -0.750000000  -0.750000000  -0.250000000 ) 

    1    1
  0.22126346  0.00000000    0.00591128  0.00000000    0.00588702 -0.00785323
  0.00591128  0.00000000    0.22126346  0.00000000    0.00588702 -0.00785323
  0.00588702  0.00785323    0.00588702  0.00785323    0.27267118  0.00000000
    1    2
  0.05871994  0.05680993   -0.10756637  0.03096398   -0.03355035 -0.03147645
 -0.10756637  0.03096398    0.05871994  0.05680993   -0.03355035 -0.03147645
 -0.03355035 -0.03147645   -0.03355035 -0.03147645    0.07521949  0.05646013
    2    1
  0.05871994 -0.05680993   -0.10756637 -0.03096398   -0.03355035  0.03147645
 -0.10756637 -0.03096398    0.05871994 -0.05680993   -0.03355035  0.03147645
 -0.03355035  0.03147645   -0.03355035  0.03147645    0.07521949 -0.05646013
    2    2
  0.22126346  0.00000000    0.00591128  0.00000000    0.00588702  0.00785323
  0.00591128  0.00000000    0.22126346  0.00000000    0.00588702  0.00785323
  0.00588702 -0.00785323    0.00588702 -0.00785323    0.27267118  0.00000000

     Dynamical  Matrix in cartesian axes

     q = (    0.250000000  -0.750000000   0.750000000 ) 

    1    1
  0.27267118  0.00000000   -0.00588702 -0.00785323    0.00588702  0.00785323
 -0.00588702  0.00785323    0.22126346  0.00000000   -0.00591128  0.00000000
  0.00588702 -0.00785323   -0.00591128  0.00000000    0.22126346  0.00000000
    1    2
 -0.07521949 -0.05646013   -0.03355035 -0.03147645    0.03355035  0.03147645
 -0.03355035 -0.03147645   -0.05871994 -0.05680993   -0.10756637  0.03096398
  0.03355035  0.03147645   -0.10756637  0.03096398   -0.05871994 -0.05680993
    2    1
 -0.07521949  0.05646013   -0.03355035  0.03147645    0.03355035 -0.03147645
 -0.03355035  0.03147645   -0.05871994  0.05680993   -0.10756637 -0.03096398
  0.03355035 -0.03147645   -0.10756637 -0.03096398   -0.05871994  0.05680993
    2    2
  0.27267118  0.00000000   -0.00588702  0.00785323    0.00588702 -0.00785323
 -0.00588702 -0.00785323    0.22126346  0.00000000   -0.00591128  0.00000000
  0.00588702  0.00785323   -0.00591128  0.00000000    0.22126346  0.00000000

     Dynamical  Matrix in cartesian axes

     q = (   -0.750000000  -0.750000000   0.250000000 ) 

    1    1
  0.22126346  0.00000000    0.00591128  0.00000000   -0.00588702 -0.00785323
  0.00591128  0.00000000    0.22126346  0.00000000   -0.00588702 -0.00785323
 -0.00588702  0.00785323   -0.00588702  0.00785323    0.27267118  0.00000000
    1    2
 -0.05680993 -0.05871994   -0.03096398  0.10756637   -0.03147645 -0.03355035
 -0.03096398  0.10756637   -0.05680993 -0.05871994   -0.03147645 -0.03355035
 -0.03147645 -0.03355035   -0.03147645 -0.03355035   -0.05646013 -0.07521949
    2    1
 -0.05680993  0.05871994   -0.03096398 -0.10756637   -0.03147645  0.03355035
 -0.03096398 -0.10756637   -0.05680993  0.05871994   -0.03147645  0.03355035
 -0.03147645  0.03355035   -0.03147645  0.03355035   -0.05646013  0.07521949
    2    2
  0.22126346  0.00000000    0.00591128  0.00000000   -0.00588702  0.00785323
  0.00591128  0.00000000    0.22126346  0.00000000   -0.00588702  0.00785323
 -0.00588702 -0.00785323   -0.00588702 -0.00785323    0.27267118  0.00000000

     Dynamical  Matrix in cartesian axes

     q = (    0.250000000   0.750000000   0.750000000 ) 

    1    1
  0.27267118  0.00000000    0.00588702 -0.00785323    0.00588702 -0.00785323
  0.00588702  0.00785323    0.22126346  0.00000000    0.00591128  0.00000000
  0.00588702  0.00785323    0.00591128  0.00000000    0.22126346  0.00000000
    1    2
  0.07521949 -0.05646013   -0.03355035  0.03147645   -0.03355035  0.03147645
 -0.03355035  0.03147645    0.05871994 -0.05680993   -0.10756637 -0.03096398
 -0.03355035  0.03147645   -0.10756637 -0.03096398    0.05871994 -0.05680993
    2    1
  0.07521949  0.05646013   -0.03355035 -0.03147645   -0.03355035 -0.03147645
 -0.03355035 -0.03147645    0.05871994  0.05680993   -0.10756637  0.03096398
 -0.03355035 -0.03147645   -0.10756637  0.03096398    0.05871994  0.05680993
    2    2
  0.27267118  0.00000000    0.00588702  0.00785323    0.00588702  0.00785323
  0.00588702 -0.00785323    0.22126346  0.00000000    0.00591128  0.00000000
  0.00588702 -0.00785323    0.00591128  0.00000000    0.22126346  0.00000000

     Dynamical  Matrix in cartesian axes

     q = (   -0.250000000  -0.750000000   0.750000000 ) 

    1    1
  0.27267118  0.00000000    0.00588702 -0.00785323   -0.00588702  0.00785323
  0.00588702  0.00785323    0.22126346  0.00000000   -0.00591128  0.00000000
 -0.00588702 -0.00785323   -0.00591128  0.00000000    0.22126346  0.00000000
    1    2
 -0.07521949  0.05646013    0.03355035 -0.03147645   -0.03355035  0.03147645
  0.03355035 -0.03147645   -0.05871994  0.05680993   -0.10756637 -0.03096398
 -0.03355035  0.03147645   -0.10756637 -0.03096398   -0.05871994  0.05680993
    2    1
 -0.07521949 -0.05646013    0.03355035  0.03147645   -0.03355035 -0.03147645
  0.03355035  0.03147645   -0.05871994 -0.05680993   -0.10756637  0.03096398
 -0.03355035 -0.03147645   -0.10756637  0.03096398   -0.05871994 -0.05680993
    2    2
  0.27267118  0.00000000    0.00588702  0.00785323   -0.00588702 -0.00785323
  0.00588702 -0.00785323    0.22126346  0.00000000   -0.00591128  0.00000000
 -0.00588702  0.00785323   -0.00591128  0.00000000    0.22126346  0.00000000

     Dynamical  Matrix in cartesian axes

     q = (    0.750000000   0.750000000   0.250000000 ) 

    1    1
  0.22126346  0.00000000    0.00591128  0.00000000    0.00588702  0.00785323
  0.00591128  0.00000000    0.22126346  0.00000000    0.00588702  0.00785323
  0.00588702 -0.00785323    0.00588702 -0.00785323    0.27267118  0.00000000
    1    2
  0.05871994 -0.05680993   -0.10756637 -0.03096398   -0.03355035  0.03147645
 -0.10756637 -0.03096398    0.05871994 -0.05680993   -0.03355035  0.03147645
 -0.03355035  0.03147645   -0.03355035  0.03147645    0.07521949 -0.05646013
    2    1
  0.05871994  0.05680993   -0.10756637  0.03096398   -0.03355035 -0.03147645
 -0.10756637  0.03096398    0.05871994  0.05680993   -0.03355035 -0.03147645
 -0.03355035 -0.03147645   -0.03355035 -0.03147645    0.07521949  0.05646013
    2    2
  0.22126346  0.00000000    0.00591128  0.00000000    0.00588702 -0.00785323
  0.00591128  0.00000000    0.22126346  0.00000000    0.00588702 -0.00785323
  0.00588702  0.00785323    0.00588702  0.00785323    0.27267118  0.00000000

     Dynamical  Matrix in cartesian axes

     q = (    0.250000000  -0.750000000  -0.750000000 ) 

    1    1
  0.27267118  0.00000000   -0.00588702  0.00785323   -0.00588702  0.00785323
 -0.00588702 -0.00785323    0.22126346  0.00000000    0.00591128  0.00000000
 -0.00588702 -0.00785323    0.00591128  0.00000000    0.22126346  0.00000000
    1    2
 -0.05646013 -0.07521949   -0.03147645 -0.03355035   -0.03147645 -0.03355035
 -0.03147645 -0.03355035   -0.05680993 -0.05871994   -0.03096398  0.10756637
 -0.03147645 -0.03355035   -0.03096398  0.10756637   -0.05680993 -0.05871994
    2    1
 -0.05646013  0.07521949   -0.03147645  0.03355035   -0.03147645  0.03355035
 -0.03147645  0.03355035   -0.05680993  0.05871994   -0.03096398 -0.10756637
 -0.03147645  0.03355035   -0.03096398 -0.10756637   -0.05680993  0.05871994
    2    2
  0.27267118  0.00000000   -0.00588702 -0.00785323   -0.00588702 -0.00785323
 -0.00588702  0.00785323    0.22126346  0.00000000    0.00591128  0.00000000
 -0.00588702  0.00785323    0.00591128  0.00000000    0.22126346  0.00000000

     Dynamical  Matrix in cartesian axes

     q = (    0.750000000  -0.750000000  -0.250000000 ) 

    1    1
  0.22126346  0.00000000   -0.00591128  0.00000000   -0.00588702 -0.00785323
 -0.00591128  0.00000000    0.22126346  0.00000000    0.00588702  0.00785323
 -0.00588702  0.00785323    0.00588702 -0.00785323    0.27267118  0.00000000
    1    2
 -0.05871994  0.05680993   -0.10756637 -0.03096398   -0.03355035  0.03147645
 -0.10756637 -0.03096398   -0.05871994  0.05680993    0.03355035 -0.03147645
 -0.03355035  0.03147645    0.03355035 -0.03147645   -0.07521949  0.05646013
    2    1
 -0.05871994 -0.05680993   -0.10756637  0.03096398   -0.03355035 -0.03147645
 -0.10756637  0.03096398   -0.05871994 -0.05680993    0.03355035  0.03147645
 -0.03355035 -0.03147645    0.03355035  0.03147645   -0.07521949 -0.05646013
    2    2
  0.22126346  0.00000000   -0.00591128  0.00000000   -0.00588702  0.00785323
 -0.00591128  0.00000000    0.22126346  0.00000000    0.00588702 -0.00785323
 -0.00588702 -0.00785323    0.00588702  0.00785323    0.27267118  0.00000000

     Diagonalizing the dynamical matrix

     q = (    0.750000000  -0.250000000   0.750000000 ) 

 **************************************************************************
     freq (    1) =       4.461014 [THz] =     148.803412 [cm-1]
 (  0.076793 -0.494068  0.000000 -0.000000 -0.076793  0.494068 ) 
 (  0.500000  0.000000  0.000000 -0.000000 -0.500000  0.000000 ) 
     freq (    2) =       6.180101 [THz] =     206.145993 [cm-1]
 (  0.403424  0.102525  0.356653 -0.162092  0.403424  0.102525 ) 
 (  0.416248 -0.000000  0.305741  0.244945  0.416248  0.000000 ) 
     freq (    3) =       9.009354 [THz] =     300.519711 [cm-1]
 ( -0.033746  0.318472 -0.444122 -0.312456 -0.033746  0.318472 ) 
 (  0.320255  0.000000 -0.263919 -0.474573  0.320255  0.000000 ) 
     freq (    4) =      11.409581 [THz] =     380.582650 [cm-1]
 ( -0.198231 -0.306738  0.405234  0.262713 -0.198231 -0.306738 ) 
 (  0.365217 -0.000000 -0.440598 -0.197753  0.365217  0.000000 ) 
     freq (    5) =      12.735741 [THz] =     424.818593 [cm-1]
 ( -0.076793  0.494068 -0.000000 -0.000000  0.076793 -0.494068 ) 
 (  0.500000  0.000000  0.000000  0.000000 -0.500000  0.000000 ) 
     freq (    6) =      13.157670 [THz] =     438.892634 [cm-1]
 (  0.281167  0.108332  0.511831 -0.237588  0.281167  0.108332 ) 
 ( -0.301315 -0.000000 -0.392186 -0.405720 -0.301315  0.000000 ) 
 **************************************************************************
