Dynamical matrix file
Ph                                                                         
  1    2   2  10.4000000   0.0000000   0.0000000   0.0000000   0.0000000   0.0000000
           1  'Si  '    25598.823011949724     
    1    1      0.0000000000      0.0000000000      0.0000000000
    2    1      0.2500000000      0.2500000000      0.2500000000

     Dynamical  Matrix in cartesian axes

     q = (    0.750000000  -0.250000000   0.750000000 ) 

    1    1
  0.22126340   0.00000000    -0.00588733   0.00785346     0.00591165   0.00000000
 -0.00588733  -0.00785346     0.27267105   0.00000000    -0.00588733  -0.00785346
  0.00591165   0.00000000    -0.00588733   0.00785346     0.22126340   0.00000000
    1    2
 -0.05681005   0.05871947    -0.03147647   0.03355061    -0.03096410  -0.10756684
 -0.03147647   0.03355061    -0.05645970   0.07521931    -0.03147647   0.03355061
 -0.03096410  -0.10756684    -0.03147647   0.03355061    -0.05681005   0.05871947
    2    1
 -0.05681005  -0.05871947    -0.03147647  -0.03355061    -0.03096410   0.10756684
 -0.03147647  -0.03355061    -0.05645970  -0.07521931    -0.03147647  -0.03355061
 -0.03096410   0.10756684    -0.03147647  -0.03355061    -0.05681005  -0.05871947
    2    2
  0.22126340   0.00000000    -0.00588733  -0.00785346     0.00591165   0.00000000
 -0.00588733   0.00785346     0.27267105   0.00000000    -0.00588733   0.00785346
  0.00591165   0.00000000    -0.00588733  -0.00785346     0.22126340   0.00000000

     Dynamical  Matrix in cartesian axes

     q = (    0.750000000  -0.250000000  -0.750000000 ) 

    1    1
  0.22126340   0.00000000    -0.00588733  -0.00785346    -0.00591165   0.00000000
 -0.00588733   0.00785346     0.27267105   0.00000000     0.00588733  -0.00785346
 -0.00591165   0.00000000     0.00588733   0.00785346     0.22126340   0.00000000
    1    2
 -0.05871947   0.05681005    -0.03355061   0.03147647    -0.10756684  -0.03096410
 -0.03355061   0.03147647    -0.07521931   0.05645970     0.03355061  -0.03147647
 -0.10756684  -0.03096410     0.03355061  -0.03147647    -0.05871947   0.05681005
    2    1
 -0.05871947  -0.05681005    -0.03355061  -0.03147647    -0.10756684   0.03096410
 -0.03355061  -0.03147647    -0.07521931  -0.05645970     0.03355061   0.03147647
 -0.10756684   0.03096410     0.03355061   0.03147647    -0.05871947  -0.05681005
    2    2
  0.22126340   0.00000000    -0.00588733   0.00785346    -0.00591165   0.00000000
 -0.00588733  -0.00785346     0.27267105   0.00000000     0.00588733   0.00785346
 -0.00591165   0.00000000     0.00588733  -0.00785346     0.22126340   0.00000000

     Dynamical  Matrix in cartesian axes

     q = (   -0.750000000  -0.250000000  -0.750000000 ) 

    1    1
  0.22126340   0.00000000     0.00588733  -0.00785346     0.00591165   0.00000000
  0.00588733   0.00785346     0.27267105   0.00000000     0.00588733   0.00785346
  0.00591165   0.00000000     0.00588733  -0.00785346     0.22126340   0.00000000
    1    2
  0.05871947   0.05681005    -0.03355061  -0.03147647    -0.10756684   0.03096410
 -0.03355061  -0.03147647     0.07521931   0.05645970    -0.03355061  -0.03147647
 -0.10756684   0.03096410    -0.03355061  -0.03147647     0.05871947   0.05681005
    2    1
  0.05871947  -0.05681005    -0.03355061   0.03147647    -0.10756684  -0.03096410
 -0.03355061   0.03147647     0.07521931  -0.05645970    -0.03355061   0.03147647
 -0.10756684  -0.03096410    -0.03355061   0.03147647     0.05871947  -0.05681005
    2    2
  0.22126340   0.00000000     0.00588733   0.00785346     0.00591165   0.00000000
  0.00588733  -0.00785346     0.27267105   0.00000000     0.00588733  -0.00785346
  0.00591165   0.00000000     0.00588733   0.00785346     0.22126340   0.00000000

     Dynamical  Matrix in cartesian axes

     q = (   -0.750000000  -0.250000000   0.750000000 ) 

    1    1
  0.22126340   0.00000000     0.00588733   0.00785346    -0.00591165   0.00000000
  0.00588733  -0.00785346     0.27267105   0.00000000    -0.00588733   0.00785346
 -0.00591165   0.00000000    -0.00588733  -0.00785346     0.22126340   0.00000000
    1    2
 -0.05871947   0.05681005     0.03355061  -0.03147647    -0.10756684  -0.03096410
  0.03355061  -0.03147647    -0.07521931   0.05645970    -0.03355061   0.03147647
 -0.10756684  -0.03096410    -0.03355061   0.03147647    -0.05871947   0.05681005
    2    1
 -0.05871947  -0.05681005     0.03355061   0.03147647    -0.10756684   0.03096410
  0.03355061   0.03147647    -0.07521931  -0.05645970    -0.03355061  -0.03147647
 -0.10756684   0.03096410    -0.03355061  -0.03147647    -0.05871947  -0.05681005
    2    2
  0.22126340   0.00000000     0.00588733  -0.00785346    -0.00591165   0.00000000
  0.00588733   0.00785346     0.27267105   0.00000000    -0.00588733  -0.00785346
 -0.00591165   0.00000000    -0.00588733   0.00785346     0.22126340   0.00000000

     Dynamical  Matrix in cartesian axes

     q = (   -0.750000000   0.250000000  -0.750000000 ) 

    1    1
  0.22126340   0.00000000    -0.00588733  -0.00785346     0.00591165   0.00000000
 -0.00588733   0.00785346     0.27267105   0.00000000    -0.00588733   0.00785346
  0.00591165   0.00000000    -0.00588733  -0.00785346     0.22126340   0.00000000
    1    2
 -0.05681005  -0.05871947    -0.03147647  -0.03355061    -0.03096410   0.10756684
 -0.03147647  -0.03355061    -0.05645970  -0.07521931    -0.03147647  -0.03355061
 -0.03096410   0.10756684    -0.03147647  -0.03355061    -0.05681005  -0.05871947
    2    1
 -0.05681005   0.05871947    -0.03147647   0.03355061    -0.03096410  -0.10756684
 -0.03147647   0.03355061    -0.05645970   0.07521931    -0.03147647   0.03355061
 -0.03096410  -0.10756684    -0.03147647   0.03355061    -0.05681005   0.05871947
    2    2
  0.22126340   0.00000000    -0.00588733   0.00785346     0.00591165   0.00000000
 -0.00588733  -0.00785346     0.27267105   0.00000000    -0.00588733  -0.00785346
  0.00591165   0.00000000    -0.00588733   0.00785346     0.22126340   0.00000000

     Dynamical  Matrix in cartesian axes

     q = (   -0.250000000   0.750000000  -0.750000000 ) 

    1    1
  0.27267105   0.00000000    -0.00588733   0.00785346     0.00588733  -0.00785346
 -0.00588733  -0.00785346     0.22126340   0.00000000    -0.00591165   0.00000000
  0.00588733   0.00785346    -0.00591165   0.00000000     0.22126340   0.00000000
    1    2
 -0.07521931   0.05645970    -0.03355061   0.03147647     0.03355061  -0.03147647
 -0.03355061   0.03147647    -0.05871947   0.05681005    -0.10756684  -0.03096410
  0.03355061  -0.03147647    -0.10756684  -0.03096410    -0.05871947   0.05681005
    2    1
 -0.07521931  -0.05645970    -0.03355061  -0.03147647     0.03355061   0.03147647
 -0.03355061  -0.03147647    -0.05871947  -0.05681005    -0.10756684   0.03096410
  0.03355061   0.03147647    -0.10756684   0.03096410    -0.05871947  -0.05681005
    2    2
  0.27267105   0.00000000    -0.00588733  -0.00785346     0.00588733   0.00785346
 -0.00588733   0.00785346     0.22126340   0.00000000    -0.00591165   0.00000000
  0.00588733  -0.00785346    -0.00591165   0.00000000     0.22126340   0.00000000

     Dynamical  Matrix in cartesian axes

     q = (   -0.750000000   0.750000000  -0.250000000 ) 

    1    1
  0.22126340   0.00000000    -0.00591165   0.00000000     0.00588733   0.00785346
 -0.00591165   0.00000000     0.22126340   0.00000000    -0.00588733  -0.00785346
  0.00588733  -0.00785346    -0.00588733   0.00785346     0.27267105   0.00000000
    1    2
 -0.05871947   0.05681005    -0.10756684  -0.03096410     0.03355061  -0.03147647
 -0.10756684  -0.03096410    -0.05871947   0.05681005    -0.03355061   0.03147647
  0.03355061  -0.03147647    -0.03355061   0.03147647    -0.07521931   0.05645970
    2    1
 -0.05871947  -0.05681005    -0.10756684   0.03096410     0.03355061   0.03147647
 -0.10756684   0.03096410    -0.05871947  -0.05681005    -0.03355061  -0.03147647
  0.03355061   0.03147647    -0.03355061  -0.03147647    -0.07521931  -0.05645970
    2    2
  0.22126340   0.00000000    -0.00591165   0.00000000     0.00588733  -0.00785346
 -0.00591165   0.00000000     0.22126340   0.00000000    -0.00588733   0.00785346
  0.00588733   0.00785346    -0.00588733  -0.00785346     0.27267105   0.00000000

     Dynamical  Matrix in cartesian axes

     q = (    0.750000000   0.250000000   0.750000000 ) 

    1    1
  0.22126340   0.00000000     0.00588733   0.00785346     0.00591165   0.00000000
  0.00588733  -0.00785346     0.27267105   0.00000000     0.00588733  -0.00785346
  0.00591165   0.00000000     0.00588733   0.00785346     0.22126340   0.00000000
    1    2
  0.05871947  -0.05681005    -0.03355061   0.03147647    -0.10756684  -0.03096410
 -0.03355061   0.03147647     0.07521931  -0.05645970    -0.03355061   0.03147647
 -0.10756684  -0.03096410    -0.03355061   0.03147647     0.05871947  -0.05681005
    2    1
  0.05871947   0.05681005    -0.03355061  -0.03147647    -0.10756684   0.03096410
 -0.03355061  -0.03147647     0.07521931   0.05645970    -0.03355061  -0.03147647
 -0.10756684   0.03096410    -0.03355061  -0.03147647     0.05871947   0.05681005
    2    2
  0.22126340   0.00000000     0.00588733  -0.00785346     0.00591165   0.00000000
  0.00588733   0.00785346     0.27267105   0.00000000     0.00588733   0.00785346
  0.00591165   0.00000000     0.00588733  -0.00785346     0.22126340   0.00000000

     Dynamical  Matrix in cartesian axes

     q = (   -0.750000000   0.250000000   0.750000000 ) 

    1    1
  0.22126340   0.00000000    -0.00588733   0.00785346    -0.00591165   0.00000000
 -0.00588733  -0.00785346     0.27267105   0.00000000     0.00588733   0.00785346
 -0.00591165   0.00000000     0.00588733  -0.00785346     0.22126340   0.00000000
    1    2
 -0.05871947  -0.05681005    -0.03355061  -0.03147647    -0.10756684   0.03096410
 -0.03355061  -0.03147647    -0.07521931  -0.05645970     0.03355061   0.03147647
 -0.10756684   0.03096410     0.03355061   0.03147647    -0.05871947  -0.05681005
    2    1
 -0.05871947   0.05681005    -0.03355061   0.03147647    -0.10756684  -0.03096410
 -0.03355061   0.03147647    -0.07521931   0.05645970     0.03355061  -0.03147647
 -0.10756684  -0.03096410     0.03355061  -0.03147647    -0.05871947   0.05681005
    2    2
  0.22126340   0.00000000    -0.00588733  -0.00785346    -0.00591165   0.00000000
 -0.00588733   0.00785346     0.27267105   0.00000000     0.00588733  -0.00785346
 -0.00591165   0.00000000     0.00588733   0.00785346     0.22126340   0.00000000

     Dynamical  Matrix in cartesian axes

     q = (    0.750000000   0.250000000  -0.750000000 ) 

    1    1
  0.22126340   0.00000000     0.00588733  -0.00785346    -0.00591165   0.00000000
  0.00588733   0.00785346     0.27267105   0.00000000    -0.00588733  -0.00785346
 -0.00591165   0.00000000    -0.00588733   0.00785346     0.22126340   0.00000000
    1    2
 -0.05871947  -0.05681005     0.03355061   0.03147647    -0.10756684   0.03096410
  0.03355061   0.03147647    -0.07521931  -0.05645970    -0.03355061  -0.03147647
 -0.10756684   0.03096410    -0.03355061  -0.03147647    -0.05871947  -0.05681005
    2    1
 -0.05871947   0.05681005     0.03355061  -0.03147647    -0.10756684  -0.03096410
  0.03355061  -0.03147647    -0.07521931   0.05645970    -0.03355061   0.03147647
 -0.10756684  -0.03096410    -0.03355061   0.03147647    -0.05871947   0.05681005
    2    2
  0.22126340   0.00000000     0.00588733   0.00785346    -0.00591165   0.00000000
  0.00588733  -0.00785346     0.27267105   0.00000000    -0.00588733   0.00785346
 -0.00591165   0.00000000    -0.00588733  -0.00785346     0.22126340   0.00000000

     Dynamical  Matrix in cartesian axes

     q = (   -0.750000000   0.750000000   0.250000000 ) 

    1    1
  0.22126340   0.00000000    -0.00591165   0.00000000    -0.00588733   0.00785346
 -0.00591165   0.00000000     0.22126340   0.00000000     0.00588733  -0.00785346
 -0.00588733  -0.00785346     0.00588733   0.00785346     0.27267105   0.00000000
    1    2
 -0.05871947  -0.05681005    -0.10756684   0.03096410    -0.03355061  -0.03147647
 -0.10756684   0.03096410    -0.05871947  -0.05681005     0.03355061   0.03147647
 -0.03355061  -0.03147647     0.03355061   0.03147647    -0.07521931  -0.05645970
    2    1
 -0.05871947   0.05681005    -0.10756684  -0.03096410    -0.03355061   0.03147647
 -0.10756684  -0.03096410    -0.05871947   0.05681005     0.03355061  -0.03147647
 -0.03355061   0.03147647     0.03355061  -0.03147647    -0.07521931   0.05645970
    2    2
  0.22126340   0.00000000    -0.00591165   0.00000000    -0.00588733  -0.00785346
 -0.00591165   0.00000000     0.22126340   0.00000000     0.00588733   0.00785346
 -0.00588733   0.00785346     0.00588733  -0.00785346     0.27267105   0.00000000

     Dynamical  Matrix in cartesian axes

     q = (   -0.250000000   0.750000000   0.750000000 ) 

    1    1
  0.27267105   0.00000000    -0.00588733  -0.00785346    -0.00588733  -0.00785346
 -0.00588733   0.00785346     0.22126340   0.00000000     0.00591165   0.00000000
 -0.00588733   0.00785346     0.00591165   0.00000000     0.22126340   0.00000000
    1    2
 -0.05645970   0.07521931    -0.03147647   0.03355061    -0.03147647   0.03355061
 -0.03147647   0.03355061    -0.05681005   0.05871947    -0.03096410  -0.10756684
 -0.03147647   0.03355061    -0.03096410  -0.10756684    -0.05681005   0.05871947
    2    1
 -0.05645970  -0.07521931    -0.03147647  -0.03355061    -0.03147647  -0.03355061
 -0.03147647  -0.03355061    -0.05681005  -0.05871947    -0.03096410   0.10756684
 -0.03147647  -0.03355061    -0.03096410   0.10756684    -0.05681005  -0.05871947
    2    2
  0.27267105   0.00000000    -0.00588733   0.00785346    -0.00588733   0.00785346
 -0.00588733  -0.00785346     0.22126340   0.00000000     0.00591165   0.00000000
 -0.00588733  -0.00785346     0.00591165   0.00000000     0.22126340   0.00000000

     Dynamical  Matrix in cartesian axes

     q = (    0.250000000   0.750000000  -0.750000000 ) 

    1    1
  0.27267105   0.00000000     0.00588733   0.00785346    -0.00588733  -0.00785346
  0.00588733  -0.00785346     0.22126340   0.00000000    -0.00591165   0.00000000
 -0.00588733   0.00785346    -0.00591165   0.00000000     0.22126340   0.00000000
    1    2
 -0.07521931  -0.05645970     0.03355061   0.03147647    -0.03355061  -0.03147647
  0.03355061   0.03147647    -0.05871947  -0.05681005    -0.10756684   0.03096410
 -0.03355061  -0.03147647    -0.10756684   0.03096410    -0.05871947  -0.05681005
    2    1
 -0.07521931   0.05645970     0.03355061  -0.03147647    -0.03355061   0.03147647
  0.03355061  -0.03147647    -0.05871947   0.05681005    -0.10756684  -0.03096410
 -0.03355061   0.03147647    -0.10756684  -0.03096410    -0.05871947   0.05681005
    2    2
  0.27267105   0.00000000     0.00588733  -0.00785346    -0.00588733   0.00785346
  0.00588733   0.00785346     0.22126340   0.00000000    -0.00591165   0.00000000
 -0.00588733  -0.00785346    -0.00591165   0.00000000     0.22126340   0.00000000

     Dynamical  Matrix in cartesian axes

     q = (   -0.250000000  -0.750000000  -0.750000000 ) 

    1    1
  0.27267105   0.00000000     0.00588733   0.00785346     0.00588733   0.00785346
  0.00588733  -0.00785346     0.22126340   0.00000000     0.00591165   0.00000000
  0.00588733  -0.00785346     0.00591165   0.00000000     0.22126340   0.00000000
    1    2
  0.07521931   0.05645970    -0.03355061  -0.03147647    -0.03355061  -0.03147647
 -0.03355061  -0.03147647     0.05871947   0.05681005    -0.10756684   0.03096410
 -0.03355061  -0.03147647    -0.10756684   0.03096410     0.05871947   0.05681005
    2    1
  0.07521931  -0.05645970    -0.03355061   0.03147647    -0.03355061   0.03147647
 -0.03355061   0.03147647     0.05871947  -0.05681005    -0.10756684  -0.03096410
 -0.03355061   0.03147647    -0.10756684  -0.03096410     0.05871947  -0.05681005
    2    2
  0.27267105   0.00000000     0.00588733  -0.00785346     0.00588733  -0.00785346
  0.00588733   0.00785346     0.22126340   0.00000000     0.00591165   0.00000000
  0.00588733   0.00785346     0.00591165   0.00000000     0.22126340   0.00000000

     Dynamical  Matrix in cartesian axes

     q = (    0.750000000   0.750000000  -0.250000000 ) 

    1    1
  0.22126340   0.00000000     0.00591165   0.00000000    -0.00588733   0.00785346
  0.00591165   0.00000000     0.22126340   0.00000000    -0.00588733   0.00785346
 -0.00588733  -0.00785346    -0.00588733  -0.00785346     0.27267105   0.00000000
    1    2
 -0.05681005   0.05871947    -0.03096410  -0.10756684    -0.03147647   0.03355061
 -0.03096410  -0.10756684    -0.05681005   0.05871947    -0.03147647   0.03355061
 -0.03147647   0.03355061    -0.03147647   0.03355061    -0.05645970   0.07521931
    2    1
 -0.05681005  -0.05871947    -0.03096410   0.10756684    -0.03147647  -0.03355061
 -0.03096410   0.10756684    -0.05681005  -0.05871947    -0.03147647  -0.03355061
 -0.03147647  -0.03355061    -0.03147647  -0.03355061    -0.05645970  -0.07521931
    2    2
  0.22126340   0.00000000     0.00591165   0.00000000    -0.00588733  -0.00785346
  0.00591165   0.00000000     0.22126340   0.00000000    -0.00588733  -0.00785346
 -0.00588733   0.00785346    -0.00588733   0.00785346     0.27267105   0.00000000

     Dynamical  Matrix in cartesian axes

     q = (    0.750000000  -0.750000000   0.250000000 ) 

    1    1
  0.22126340   0.00000000    -0.00591165   0.00000000     0.00588733  -0.00785346
 -0.00591165   0.00000000     0.22126340   0.00000000    -0.00588733   0.00785346
  0.00588733   0.00785346    -0.00588733  -0.00785346     0.27267105   0.00000000
    1    2
 -0.05871947  -0.05681005    -0.10756684   0.03096410     0.03355061   0.03147647
 -0.10756684   0.03096410    -0.05871947  -0.05681005    -0.03355061  -0.03147647
  0.03355061   0.03147647    -0.03355061  -0.03147647    -0.07521931  -0.05645970
    2    1
 -0.05871947   0.05681005    -0.10756684  -0.03096410     0.03355061  -0.03147647
 -0.10756684  -0.03096410    -0.05871947   0.05681005    -0.03355061   0.03147647
  0.03355061  -0.03147647    -0.03355061   0.03147647    -0.07521931   0.05645970
    2    2
  0.22126340   0.00000000    -0.00591165   0.00000000     0.00588733   0.00785346
 -0.00591165   0.00000000     0.22126340   0.00000000    -0.00588733  -0.00785346
  0.00588733  -0.00785346    -0.00588733   0.00785346     0.27267105   0.00000000

     Dynamical  Matrix in cartesian axes

     q = (   -0.750000000  -0.750000000  -0.250000000 ) 

    1    1
  0.22126340   0.00000000     0.00591165   0.00000000     0.00588733  -0.00785346
  0.00591165   0.00000000     0.22126340   0.00000000     0.00588733  -0.00785346
  0.00588733   0.00785346     0.00588733   0.00785346     0.27267105   0.00000000
    1    2
  0.05871947   0.05681005    -0.10756684   0.03096410    -0.03355061  -0.03147647
 -0.10756684   0.03096410     0.05871947   0.05681005    -0.03355061  -0.03147647
 -0.03355061  -0.03147647    -0.03355061  -0.03147647     0.07521931   0.05645970
    2    1
  0.05871947  -0.05681005    -0.10756684  -0.03096410    -0.03355061   0.03147647
 -0.10756684  -0.03096410     0.05871947  -0.05681005    -0.03355061   0.03147647
 -0.03355061   0.03147647    -0.03355061   0.03147647     0.07521931  -0.05645970
    2    2
  0.22126340   0.00000000     0.00591165   0.00000000     0.00588733   0.00785346
  0.00591165   0.00000000     0.22126340   0.00000000     0.00588733   0.00785346
  0.00588733  -0.00785346     0.00588733  -0.00785346     0.27267105   0.00000000

     Dynamical  Matrix in cartesian axes

     q = (    0.250000000  -0.750000000   0.750000000 ) 

    1    1
  0.27267105   0.00000000    -0.00588733  -0.00785346     0.00588733   0.00785346
 -0.00588733   0.00785346     0.22126340   0.00000000    -0.00591165   0.00000000
  0.00588733  -0.00785346    -0.00591165   0.00000000     0.22126340   0.00000000
    1    2
 -0.07521931  -0.05645970    -0.03355061  -0.03147647     0.03355061   0.03147647
 -0.03355061  -0.03147647    -0.05871947  -0.05681005    -0.10756684   0.03096410
  0.03355061   0.03147647    -0.10756684   0.03096410    -0.05871947  -0.05681005
    2    1
 -0.07521931   0.05645970    -0.03355061   0.03147647     0.03355061  -0.03147647
 -0.03355061   0.03147647    -0.05871947   0.05681005    -0.10756684  -0.03096410
  0.03355061  -0.03147647    -0.10756684  -0.03096410    -0.05871947   0.05681005
    2    2
  0.27267105   0.00000000    -0.00588733   0.00785346     0.00588733  -0.00785346
 -0.00588733  -0.00785346     0.22126340   0.00000000    -0.00591165   0.00000000
  0.00588733   0.00785346    -0.00591165   0.00000000     0.22126340   0.00000000

     Dynamical  Matrix in cartesian axes

     q = (   -0.750000000  -0.750000000   0.250000000 ) 

    1    1
  0.22126340   0.00000000     0.00591165   0.00000000    -0.00588733  -0.00785346
  0.00591165   0.00000000     0.22126340   0.00000000    -0.00588733  -0.00785346
 -0.00588733   0.00785346    -0.00588733   0.00785346     0.27267105   0.00000000
    1    2
 -0.05681005  -0.05871947    -0.03096410   0.10756684    -0.03147647  -0.03355061
 -0.03096410   0.10756684    -0.05681005  -0.05871947    -0.03147647  -0.03355061
 -0.03147647  -0.03355061    -0.03147647  -0.03355061    -0.05645970  -0.07521931
    2    1
 -0.05681005   0.05871947    -0.03096410  -0.10756684    -0.03147647   0.03355061
 -0.03096410  -0.10756684    -0.05681005   0.05871947    -0.03147647   0.03355061
 -0.03147647   0.03355061    -0.03147647   0.03355061    -0.05645970   0.07521931
    2    2
  0.22126340   0.00000000     0.00591165   0.00000000    -0.00588733   0.00785346
  0.00591165   0.00000000     0.22126340   0.00000000    -0.00588733   0.00785346
 -0.00588733  -0.00785346    -0.00588733  -0.00785346     0.27267105   0.00000000

     Dynamical  Matrix in cartesian axes

     q = (    0.250000000   0.750000000   0.750000000 ) 

    1    1
  0.27267105   0.00000000     0.00588733  -0.00785346     0.00588733  -0.00785346
  0.00588733   0.00785346     0.22126340   0.00000000     0.00591165   0.00000000
  0.00588733   0.00785346     0.00591165   0.00000000     0.22126340   0.00000000
    1    2
  0.07521931  -0.05645970    -0.03355061   0.03147647    -0.03355061   0.03147647
 -0.03355061   0.03147647     0.05871947  -0.05681005    -0.10756684  -0.03096410
 -0.03355061   0.03147647    -0.10756684  -0.03096410     0.05871947  -0.05681005
    2    1
  0.07521931   0.05645970    -0.03355061  -0.03147647    -0.03355061  -0.03147647
 -0.03355061  -0.03147647     0.05871947   0.05681005    -0.10756684   0.03096410
 -0.03355061  -0.03147647    -0.10756684   0.03096410     0.05871947   0.05681005
    2    2
  0.27267105   0.00000000     0.00588733   0.00785346     0.00588733   0.00785346
  0.00588733  -0.00785346     0.22126340   0.00000000     0.00591165   0.00000000
  0.00588733  -0.00785346     0.00591165   0.00000000     0.22126340   0.00000000

     Dynamical  Matrix in cartesian axes

     q = (   -0.250000000  -0.750000000   0.750000000 ) 

    1    1
  0.27267105   0.00000000     0.00588733  -0.00785346    -0.00588733   0.00785346
  0.00588733   0.00785346     0.22126340   0.00000000    -0.00591165   0.00000000
 -0.00588733  -0.00785346    -0.00591165   0.00000000     0.22126340   0.00000000
    1    2
 -0.07521931   0.05645970     0.03355061  -0.03147647    -0.03355061   0.03147647
  0.03355061  -0.03147647    -0.05871947   0.05681005    -0.10756684  -0.03096410
 -0.03355061   0.03147647    -0.10756684  -0.03096410    -0.05871947   0.05681005
    2    1
 -0.07521931  -0.05645970     0.03355061   0.03147647    -0.03355061  -0.03147647
  0.03355061   0.03147647    -0.05871947  -0.05681005    -0.10756684   0.03096410
 -0.03355061  -0.03147647    -0.10756684   0.03096410    -0.05871947  -0.05681005
    2    2
  0.27267105   0.00000000     0.00588733   0.00785346    -0.00588733  -0.00785346
  0.00588733  -0.00785346     0.22126340   0.00000000    -0.00591165   0.00000000
 -0.00588733   0.00785346    -0.00591165   0.00000000     0.22126340   0.00000000

     Dynamical  Matrix in cartesian axes

     q = (    0.750000000   0.750000000   0.250000000 ) 

    1    1
  0.22126340   0.00000000     0.00591165   0.00000000     0.00588733   0.00785346
  0.00591165   0.00000000     0.22126340   0.00000000     0.00588733   0.00785346
  0.00588733  -0.00785346     0.00588733  -0.00785346     0.27267105   0.00000000
    1    2
  0.05871947  -0.05681005    -0.10756684  -0.03096410    -0.03355061   0.03147647
 -0.10756684  -0.03096410     0.05871947  -0.05681005    -0.03355061   0.03147647
 -0.03355061   0.03147647    -0.03355061   0.03147647     0.07521931  -0.05645970
    2    1
  0.05871947   0.05681005    -0.10756684   0.03096410    -0.03355061  -0.03147647
 -0.10756684   0.03096410     0.05871947   0.05681005    -0.03355061  -0.03147647
 -0.03355061  -0.03147647    -0.03355061  -0.03147647     0.07521931   0.05645970
    2    2
  0.22126340   0.00000000     0.00591165   0.00000000     0.00588733  -0.00785346
  0.00591165   0.00000000     0.22126340   0.00000000     0.00588733  -0.00785346
  0.00588733   0.00785346     0.00588733   0.00785346     0.27267105   0.00000000

     Dynamical  Matrix in cartesian axes

     q = (    0.250000000  -0.750000000  -0.750000000 ) 

    1    1
  0.27267105   0.00000000    -0.00588733   0.00785346    -0.00588733   0.00785346
 -0.00588733  -0.00785346     0.22126340   0.00000000     0.00591165   0.00000000
 -0.00588733  -0.00785346     0.00591165   0.00000000     0.22126340   0.00000000
    1    2
 -0.05645970  -0.07521931    -0.03147647  -0.03355061    -0.03147647  -0.03355061
 -0.03147647  -0.03355061    -0.05681005  -0.05871947    -0.03096410   0.10756684
 -0.03147647  -0.03355061    -0.03096410   0.10756684    -0.05681005  -0.05871947
    2    1
 -0.05645970   0.07521931    -0.03147647   0.03355061    -0.03147647   0.03355061
 -0.03147647   0.03355061    -0.05681005   0.05871947    -0.03096410  -0.10756684
 -0.03147647   0.03355061    -0.03096410  -0.10756684    -0.05681005   0.05871947
    2    2
  0.27267105   0.00000000    -0.00588733  -0.00785346    -0.00588733  -0.00785346
 -0.00588733   0.00785346     0.22126340   0.00000000     0.00591165   0.00000000
 -0.00588733   0.00785346     0.00591165   0.00000000     0.22126340   0.00000000

     Dynamical  Matrix in cartesian axes

     q = (    0.750000000  -0.750000000  -0.250000000 ) 

    1    1
  0.22126340   0.00000000    -0.00591165   0.00000000    -0.00588733  -0.00785346
 -0.00591165   0.00000000     0.22126340   0.00000000     0.00588733   0.00785346
 -0.00588733   0.00785346     0.00588733  -0.00785346     0.27267105   0.00000000
    1    2
 -0.05871947   0.05681005    -0.10756684  -0.03096410    -0.03355061   0.03147647
 -0.10756684  -0.03096410    -0.05871947   0.05681005     0.03355061  -0.03147647
 -0.03355061   0.03147647     0.03355061  -0.03147647    -0.07521931   0.05645970
    2    1
 -0.05871947  -0.05681005    -0.10756684   0.03096410    -0.03355061  -0.03147647
 -0.10756684   0.03096410    -0.05871947  -0.05681005     0.03355061   0.03147647
 -0.03355061  -0.03147647     0.03355061   0.03147647    -0.07521931  -0.05645970
    2    2
  0.22126340   0.00000000    -0.00591165   0.00000000    -0.00588733   0.00785346
 -0.00591165   0.00000000     0.22126340   0.00000000     0.00588733  -0.00785346
 -0.00588733  -0.00785346     0.00588733   0.00785346     0.27267105   0.00000000

     Diagonalizing the dynamical matrix

     q = (    0.750000000  -0.250000000   0.750000000 ) 

 **************************************************************************
     freq (    1) =       4.460994 [THz] =     148.802728 [cm-1]
 (  0.076793 -0.494068  0.000000 -0.000000 -0.076793  0.494068 ) 
 (  0.500000 -0.000000  0.000000 -0.000000 -0.500000  0.000000 ) 
     freq (    2) =       6.180091 [THz] =     206.145642 [cm-1]
 (  0.403424  0.102526  0.356653 -0.162092  0.403424  0.102526 ) 
 (  0.416248 -0.000000  0.305740  0.244945  0.416248  0.000000 ) 
     freq (    3) =       9.009347 [THz] =     300.519468 [cm-1]
 ( -0.033750  0.318472 -0.444120 -0.312459 -0.033750  0.318472 ) 
 (  0.320256  0.000000 -0.263916 -0.474575  0.320256  0.000000 ) 
     freq (    4) =      11.409597 [THz] =     380.583176 [cm-1]
 ( -0.198225 -0.306738  0.405238  0.262716 -0.198225 -0.306738 ) 
 (  0.365214  0.000000 -0.440600 -0.197760  0.365214  0.000000 ) 
     freq (    5) =      12.735734 [THz] =     424.818358 [cm-1]
 ( -0.076793  0.494068  0.000000 -0.000000  0.076793 -0.494068 ) 
 (  0.500000  0.000000 -0.000000  0.000000 -0.500000  0.000000 ) 
     freq (    6) =      13.157672 [THz] =     438.892709 [cm-1]
 (  0.281168  0.108337  0.511827 -0.237587  0.281168  0.108337 ) 
 ( -0.301318 -0.000000 -0.392177 -0.405724 -0.301318  0.000000 ) 
 **************************************************************************
