Dynamical matrix file
Ph                                                                         
  1    2  2 10.3000000  0.0000000  0.0000000  0.0000000  0.0000000  0.0000000
           1  'Si  '    25598.822984527003     
    1    1      0.0000000000      0.0000000000      0.0000000000
    2    1      0.2500000000      0.2500000000      0.2500000000

     Dynamical  Matrix in cartesian axes

     q = (   -0.250000000   0.250000000  -0.250000000 ) 

    1    1
  0.26730946  0.00000000   -0.01250166 -0.00000000    0.01250166  0.00000000
 -0.01250166 -0.00000000    0.26730946  0.00000000   -0.01250166 -0.00000000
  0.01250166  0.00000000   -0.01250166 -0.00000000    0.26730946  0.00000000
    1    2
 -0.20057821 -0.06101813   -0.03379891  0.03584909    0.03379891 -0.03584909
 -0.03379891  0.03584909   -0.20057821 -0.06101813   -0.03379891  0.03584909
  0.03379891 -0.03584909   -0.03379891  0.03584909   -0.20057821 -0.06101813
    2    1
 -0.20057821  0.06101813   -0.03379891 -0.03584909    0.03379891  0.03584909
 -0.03379891 -0.03584909   -0.20057821  0.06101813   -0.03379891 -0.03584909
  0.03379891  0.03584909   -0.03379891 -0.03584909   -0.20057821  0.06101813
    2    2
  0.26730946 -0.00000000   -0.01250166  0.00000000    0.01250166 -0.00000000
 -0.01250166  0.00000000    0.26730946 -0.00000000   -0.01250166  0.00000000
  0.01250166 -0.00000000   -0.01250166  0.00000000    0.26730946 -0.00000000

     Dynamical  Matrix in cartesian axes

     q = (    0.250000000  -0.250000000  -0.250000000 ) 

    1    1
  0.26730946  0.00000000   -0.01250166 -0.00000000   -0.01250166 -0.00000000
 -0.01250166 -0.00000000    0.26730946  0.00000000    0.01250166  0.00000000
 -0.01250166 -0.00000000    0.01250166  0.00000000    0.26730946  0.00000000
    1    2
 -0.20057821 -0.06101813   -0.03379891  0.03584909   -0.03379891  0.03584909
 -0.03379891  0.03584909   -0.20057821 -0.06101813    0.03379891 -0.03584909
 -0.03379891  0.03584909    0.03379891 -0.03584909   -0.20057821 -0.06101813
    2    1
 -0.20057821  0.06101813   -0.03379891 -0.03584909   -0.03379891 -0.03584909
 -0.03379891 -0.03584909   -0.20057821  0.06101813    0.03379891  0.03584909
 -0.03379891 -0.03584909    0.03379891  0.03584909   -0.20057821  0.06101813
    2    2
  0.26730946 -0.00000000   -0.01250166  0.00000000   -0.01250166  0.00000000
 -0.01250166  0.00000000    0.26730946 -0.00000000    0.01250166 -0.00000000
 -0.01250166  0.00000000    0.01250166 -0.00000000    0.26730946 -0.00000000

     Dynamical  Matrix in cartesian axes

     q = (    0.250000000  -0.250000000   0.250000000 ) 

    1    1
  0.26730946 -0.00000000   -0.01250166  0.00000000    0.01250166 -0.00000000
 -0.01250166  0.00000000    0.26730946 -0.00000000   -0.01250166  0.00000000
  0.01250166 -0.00000000   -0.01250166  0.00000000    0.26730946 -0.00000000
    1    2
 -0.20057821  0.06101813   -0.03379891 -0.03584909    0.03379891  0.03584909
 -0.03379891 -0.03584909   -0.20057821  0.06101813   -0.03379891 -0.03584909
  0.03379891  0.03584909   -0.03379891 -0.03584909   -0.20057821  0.06101813
    2    1
 -0.20057821 -0.06101813   -0.03379891  0.03584909    0.03379891 -0.03584909
 -0.03379891  0.03584909   -0.20057821 -0.06101813   -0.03379891  0.03584909
  0.03379891 -0.03584909   -0.03379891  0.03584909   -0.20057821 -0.06101813
    2    2
  0.26730946  0.00000000   -0.01250166 -0.00000000    0.01250166  0.00000000
 -0.01250166 -0.00000000    0.26730946  0.00000000   -0.01250166 -0.00000000
  0.01250166  0.00000000   -0.01250166 -0.00000000    0.26730946  0.00000000

     Dynamical  Matrix in cartesian axes

     q = (    0.250000000   0.250000000   0.250000000 ) 

    1    1
  0.26730946  0.00000000    0.01250166  0.00000000    0.01250166  0.00000000
  0.01250166  0.00000000    0.26730946  0.00000000    0.01250166  0.00000000
  0.01250166  0.00000000    0.01250166  0.00000000    0.26730946  0.00000000
    1    2
 -0.06101813  0.20057821   -0.03584909 -0.03379891   -0.03584909 -0.03379891
 -0.03584909 -0.03379891   -0.06101813  0.20057821   -0.03584909 -0.03379891
 -0.03584909 -0.03379891   -0.03584909 -0.03379891   -0.06101813  0.20057821
    2    1
 -0.06101813 -0.20057821   -0.03584909  0.03379891   -0.03584909  0.03379891
 -0.03584909  0.03379891   -0.06101813 -0.20057821   -0.03584909  0.03379891
 -0.03584909  0.03379891   -0.03584909  0.03379891   -0.06101813 -0.20057821
    2    2
  0.26730946 -0.00000000    0.01250166 -0.00000000    0.01250166 -0.00000000
  0.01250166 -0.00000000    0.26730946 -0.00000000    0.01250166 -0.00000000
  0.01250166 -0.00000000    0.01250166 -0.00000000    0.26730946 -0.00000000

     Dynamical  Matrix in cartesian axes

     q = (   -0.250000000  -0.250000000  -0.250000000 ) 

    1    1
  0.26730946 -0.00000000    0.01250166 -0.00000000    0.01250166 -0.00000000
  0.01250166 -0.00000000    0.26730946 -0.00000000    0.01250166 -0.00000000
  0.01250166 -0.00000000    0.01250166 -0.00000000    0.26730946 -0.00000000
    1    2
 -0.06101813 -0.20057821   -0.03584909  0.03379891   -0.03584909  0.03379891
 -0.03584909  0.03379891   -0.06101813 -0.20057821   -0.03584909  0.03379891
 -0.03584909  0.03379891   -0.03584909  0.03379891   -0.06101813 -0.20057821
    2    1
 -0.06101813  0.20057821   -0.03584909 -0.03379891   -0.03584909 -0.03379891
 -0.03584909 -0.03379891   -0.06101813  0.20057821   -0.03584909 -0.03379891
 -0.03584909 -0.03379891   -0.03584909 -0.03379891   -0.06101813  0.20057821
    2    2
  0.26730946  0.00000000    0.01250166  0.00000000    0.01250166  0.00000000
  0.01250166  0.00000000    0.26730946  0.00000000    0.01250166  0.00000000
  0.01250166  0.00000000    0.01250166  0.00000000    0.26730946  0.00000000

     Dynamical  Matrix in cartesian axes

     q = (   -0.250000000  -0.250000000   0.250000000 ) 

    1    1
  0.26730946  0.00000000    0.01250166  0.00000000   -0.01250166 -0.00000000
  0.01250166  0.00000000    0.26730946  0.00000000   -0.01250166 -0.00000000
 -0.01250166 -0.00000000   -0.01250166 -0.00000000    0.26730946  0.00000000
    1    2
 -0.20057821 -0.06101813    0.03379891 -0.03584909   -0.03379891  0.03584909
  0.03379891 -0.03584909   -0.20057821 -0.06101813   -0.03379891  0.03584909
 -0.03379891  0.03584909   -0.03379891  0.03584909   -0.20057821 -0.06101813
    2    1
 -0.20057821  0.06101813    0.03379891  0.03584909   -0.03379891 -0.03584909
  0.03379891  0.03584909   -0.20057821  0.06101813   -0.03379891 -0.03584909
 -0.03379891 -0.03584909   -0.03379891 -0.03584909   -0.20057821  0.06101813
    2    2
  0.26730946 -0.00000000    0.01250166 -0.00000000   -0.01250166  0.00000000
  0.01250166 -0.00000000    0.26730946 -0.00000000   -0.01250166  0.00000000
 -0.01250166  0.00000000   -0.01250166  0.00000000    0.26730946 -0.00000000

     Dynamical  Matrix in cartesian axes

     q = (   -0.250000000   0.250000000   0.250000000 ) 

    1    1
  0.26730946 -0.00000000   -0.01250166  0.00000000   -0.01250166  0.00000000
 -0.01250166  0.00000000    0.26730946 -0.00000000    0.01250166 -0.00000000
 -0.01250166  0.00000000    0.01250166 -0.00000000    0.26730946 -0.00000000
    1    2
 -0.20057821  0.06101813   -0.03379891 -0.03584909   -0.03379891 -0.03584909
 -0.03379891 -0.03584909   -0.20057821  0.06101813    0.03379891  0.03584909
 -0.03379891 -0.03584909    0.03379891  0.03584909   -0.20057821  0.06101813
    2    1
 -0.20057821 -0.06101813   -0.03379891  0.03584909   -0.03379891  0.03584909
 -0.03379891  0.03584909   -0.20057821 -0.06101813    0.03379891 -0.03584909
 -0.03379891  0.03584909    0.03379891 -0.03584909   -0.20057821 -0.06101813
    2    2
  0.26730946  0.00000000   -0.01250166 -0.00000000   -0.01250166 -0.00000000
 -0.01250166 -0.00000000    0.26730946  0.00000000    0.01250166  0.00000000
 -0.01250166 -0.00000000    0.01250166  0.00000000    0.26730946  0.00000000

     Dynamical  Matrix in cartesian axes

     q = (    0.250000000   0.250000000  -0.250000000 ) 

    1    1
  0.26730946 -0.00000000    0.01250166 -0.00000000   -0.01250166  0.00000000
  0.01250166 -0.00000000    0.26730946 -0.00000000   -0.01250166  0.00000000
 -0.01250166  0.00000000   -0.01250166  0.00000000    0.26730946 -0.00000000
    1    2
 -0.20057821  0.06101813    0.03379891  0.03584909   -0.03379891 -0.03584909
  0.03379891  0.03584909   -0.20057821  0.06101813   -0.03379891 -0.03584909
 -0.03379891 -0.03584909   -0.03379891 -0.03584909   -0.20057821  0.06101813
    2    1
 -0.20057821 -0.06101813    0.03379891 -0.03584909   -0.03379891  0.03584909
  0.03379891 -0.03584909   -0.20057821 -0.06101813   -0.03379891  0.03584909
 -0.03379891  0.03584909   -0.03379891  0.03584909   -0.20057821 -0.06101813
    2    2
  0.26730946  0.00000000    0.01250166  0.00000000   -0.01250166 -0.00000000
  0.01250166  0.00000000    0.26730946  0.00000000   -0.01250166 -0.00000000
 -0.01250166 -0.00000000   -0.01250166 -0.00000000    0.26730946  0.00000000

     Diagonalizing the dynamical matrix

     q = (   -0.250000000   0.250000000  -0.250000000 ) 

 **************************************************************************
     freq (    1) =       2.840467 [THz] =      94.747796 [cm-1]
 (  0.557088  0.131500  0.329209  0.107029 -0.227878 -0.024471 ) 
 (  0.567944  0.071266  0.338755  0.071266 -0.229188  0.000000 ) 
     freq (    2) =       2.840467 [THz] =      94.747796 [cm-1]
 (  0.071778 -0.023292 -0.455104 -0.079872 -0.526882 -0.056580 ) 
 (  0.068881 -0.030823 -0.461031 -0.030823 -0.529911  0.000000 ) 
     freq (    3) =       6.644950 [THz] =     221.651665 [cm-1]
 (  0.288962  0.288388 -0.288962 -0.288388  0.288962  0.288388 ) 
 (  0.408248 -0.000000 -0.408248  0.000000  0.408248  0.000000 ) 
     freq (    4) =      14.248563 [THz] =     475.280896 [cm-1]
 ( -0.288962 -0.288388  0.288962  0.288388 -0.288962 -0.288388 ) 
 (  0.408248  0.000000 -0.408248 -0.000000  0.408248  0.000000 ) 
     freq (    5) =      14.401208 [THz] =     480.372577 [cm-1]
 (  0.287133  0.030817 -0.286917 -0.030828 -0.574050 -0.061645 ) 
 ( -0.288782  0.000017  0.288568  0.000017  0.577350  0.000000 ) 
     freq (    6) =      14.401208 [THz] =     480.372577 [cm-1]
 (  0.499253 -0.026167  0.499377 -0.026154  0.000124  0.000013 ) 
 ( -0.493605  0.079324 -0.493730  0.079324 -0.000125  0.000000 ) 
 **************************************************************************
