Dynamical matrix file
MgO                                                                        
  2    2   2   7.9848488   0.0000000   0.0000000   0.0000000   0.0000000   0.0000000
           1  'Mg  '    22152.652328755896     
           2  'O   '    14582.196445495396     
    1    1      0.0000000000      0.0000000000      0.0000000000
    2    2     -0.5000000000      0.5000000000      0.5000000000

     Dynamical  Matrix in cartesian axes

     q = (    0.750000000  -0.250000000   0.750000000 ) 

    1    1
  0.21772173   0.00000000    -0.06004797   0.00000000     0.05642640   0.00000000
 -0.06004797   0.00000000     0.29510428   0.00000000    -0.06004797   0.00000000
  0.05642640   0.00000000    -0.06004797   0.00000000     0.21772173   0.00000000
    1    2
  0.02992297   0.02992297    -0.01654380  -0.01654380    -0.00161350  -0.00161350
 -0.00184008  -0.00184008     0.01947394   0.01947394    -0.00184008  -0.00184008
 -0.00161350  -0.00161350    -0.01654380  -0.01654380     0.02992297   0.02992297
    2    1
  0.02992297  -0.02992297    -0.00184008   0.00184008    -0.00161350   0.00161350
 -0.01654380   0.01654380     0.01947394  -0.01947394    -0.01654380   0.01654380
 -0.00161350   0.00161350    -0.00184008   0.00184008     0.02992297  -0.02992297
    2    2
  0.25181243   0.00000000    -0.03736372   0.00000000     0.04172676   0.00000000
 -0.03736372   0.00000000     0.33588489   0.00000000    -0.03736372   0.00000000
  0.04172676   0.00000000    -0.03736372   0.00000000     0.25181243   0.00000000

     Dynamical  Matrix in cartesian axes

     q = (    0.750000000  -0.250000000  -0.750000000 ) 

    1    1
  0.21772173   0.00000000    -0.06004797   0.00000000    -0.05642640   0.00000000
 -0.06004797   0.00000000     0.29510428   0.00000000     0.06004797   0.00000000
 -0.05642640   0.00000000     0.06004797   0.00000000     0.21772173   0.00000000
    1    2
  0.02992297  -0.02992297    -0.01654380   0.01654380     0.00161350  -0.00161350
 -0.00184008   0.00184008     0.01947394  -0.01947394     0.00184008  -0.00184008
  0.00161350  -0.00161350     0.01654380  -0.01654380     0.02992297  -0.02992297
    2    1
  0.02992297   0.02992297    -0.00184008  -0.00184008     0.00161350   0.00161350
 -0.01654380  -0.01654380     0.01947394   0.01947394     0.01654380   0.01654380
  0.00161350   0.00161350     0.00184008   0.00184008     0.02992297   0.02992297
    2    2
  0.25181243   0.00000000    -0.03736372   0.00000000    -0.04172676   0.00000000
 -0.03736372   0.00000000     0.33588489   0.00000000     0.03736372   0.00000000
 -0.04172676   0.00000000     0.03736372   0.00000000     0.25181243   0.00000000

     Dynamical  Matrix in cartesian axes

     q = (   -0.750000000  -0.250000000  -0.750000000 ) 

    1    1
  0.21772173   0.00000000     0.06004797   0.00000000     0.05642640   0.00000000
  0.06004797   0.00000000     0.29510428   0.00000000     0.06004797   0.00000000
  0.05642640   0.00000000     0.06004797   0.00000000     0.21772173   0.00000000
    1    2
  0.02992297   0.02992297     0.01654380   0.01654380    -0.00161350  -0.00161350
  0.00184008   0.00184008     0.01947394   0.01947394     0.00184008   0.00184008
 -0.00161350  -0.00161350     0.01654380   0.01654380     0.02992297   0.02992297
    2    1
  0.02992297  -0.02992297     0.00184008  -0.00184008    -0.00161350   0.00161350
  0.01654380  -0.01654380     0.01947394  -0.01947394     0.01654380  -0.01654380
 -0.00161350   0.00161350     0.00184008  -0.00184008     0.02992297  -0.02992297
    2    2
  0.25181243   0.00000000     0.03736372   0.00000000     0.04172676   0.00000000
  0.03736372   0.00000000     0.33588489   0.00000000     0.03736372   0.00000000
  0.04172676   0.00000000     0.03736372   0.00000000     0.25181243   0.00000000

     Dynamical  Matrix in cartesian axes

     q = (   -0.750000000  -0.250000000   0.750000000 ) 

    1    1
  0.21772173   0.00000000     0.06004797   0.00000000    -0.05642640   0.00000000
  0.06004797   0.00000000     0.29510428   0.00000000    -0.06004797   0.00000000
 -0.05642640   0.00000000    -0.06004797   0.00000000     0.21772173   0.00000000
    1    2
 -0.02992297   0.02992297    -0.01654380   0.01654380    -0.00161350   0.00161350
 -0.00184008   0.00184008    -0.01947394   0.01947394     0.00184008  -0.00184008
 -0.00161350   0.00161350     0.01654380  -0.01654380    -0.02992297   0.02992297
    2    1
 -0.02992297  -0.02992297    -0.00184008  -0.00184008    -0.00161350  -0.00161350
 -0.01654380  -0.01654380    -0.01947394  -0.01947394     0.01654380   0.01654380
 -0.00161350  -0.00161350     0.00184008   0.00184008    -0.02992297  -0.02992297
    2    2
  0.25181243   0.00000000     0.03736372   0.00000000    -0.04172676   0.00000000
  0.03736372   0.00000000     0.33588489   0.00000000    -0.03736372   0.00000000
 -0.04172676   0.00000000    -0.03736372   0.00000000     0.25181243   0.00000000

     Dynamical  Matrix in cartesian axes

     q = (   -0.750000000   0.250000000  -0.750000000 ) 

    1    1
  0.21772173   0.00000000    -0.06004797   0.00000000     0.05642640   0.00000000
 -0.06004797   0.00000000     0.29510428   0.00000000    -0.06004797   0.00000000
  0.05642640   0.00000000    -0.06004797   0.00000000     0.21772173   0.00000000
    1    2
  0.02992297  -0.02992297    -0.01654380   0.01654380    -0.00161350   0.00161350
 -0.00184008   0.00184008     0.01947394  -0.01947394    -0.00184008   0.00184008
 -0.00161350   0.00161350    -0.01654380   0.01654380     0.02992297  -0.02992297
    2    1
  0.02992297   0.02992297    -0.00184008  -0.00184008    -0.00161350  -0.00161350
 -0.01654380  -0.01654380     0.01947394   0.01947394    -0.01654380  -0.01654380
 -0.00161350  -0.00161350    -0.00184008  -0.00184008     0.02992297   0.02992297
    2    2
  0.25181243   0.00000000    -0.03736372   0.00000000     0.04172676   0.00000000
 -0.03736372   0.00000000     0.33588489   0.00000000    -0.03736372   0.00000000
  0.04172676   0.00000000    -0.03736372   0.00000000     0.25181243   0.00000000

     Dynamical  Matrix in cartesian axes

     q = (   -0.250000000   0.750000000  -0.750000000 ) 

    1    1
  0.29510428   0.00000000    -0.06004797   0.00000000     0.06004797   0.00000000
 -0.06004797   0.00000000     0.21772173   0.00000000    -0.05642640   0.00000000
  0.06004797   0.00000000    -0.05642640   0.00000000     0.21772173   0.00000000
    1    2
  0.01947394  -0.01947394    -0.00184008   0.00184008     0.00184008  -0.00184008
 -0.01654380   0.01654380     0.02992297  -0.02992297     0.00161350  -0.00161350
  0.01654380  -0.01654380     0.00161350  -0.00161350     0.02992297  -0.02992297
    2    1
  0.01947394   0.01947394    -0.01654380  -0.01654380     0.01654380   0.01654380
 -0.00184008  -0.00184008     0.02992297   0.02992297     0.00161350   0.00161350
  0.00184008   0.00184008     0.00161350   0.00161350     0.02992297   0.02992297
    2    2
  0.33588489   0.00000000    -0.03736372   0.00000000     0.03736372   0.00000000
 -0.03736372   0.00000000     0.25181243   0.00000000    -0.04172676   0.00000000
  0.03736372   0.00000000    -0.04172676   0.00000000     0.25181243   0.00000000

     Dynamical  Matrix in cartesian axes

     q = (   -0.750000000   0.750000000  -0.250000000 ) 

    1    1
  0.21772173   0.00000000    -0.05642640   0.00000000     0.06004797   0.00000000
 -0.05642640   0.00000000     0.21772173   0.00000000    -0.06004797   0.00000000
  0.06004797   0.00000000    -0.06004797   0.00000000     0.29510428   0.00000000
    1    2
 -0.02992297   0.02992297    -0.00161350   0.00161350    -0.01654380   0.01654380
 -0.00161350   0.00161350    -0.02992297   0.02992297     0.01654380  -0.01654380
 -0.00184008   0.00184008     0.00184008  -0.00184008    -0.01947394   0.01947394
    2    1
 -0.02992297  -0.02992297    -0.00161350  -0.00161350    -0.00184008  -0.00184008
 -0.00161350  -0.00161350    -0.02992297  -0.02992297     0.00184008   0.00184008
 -0.01654380  -0.01654380     0.01654380   0.01654380    -0.01947394  -0.01947394
    2    2
  0.25181243   0.00000000    -0.04172676   0.00000000     0.03736372   0.00000000
 -0.04172676   0.00000000     0.25181243   0.00000000    -0.03736372   0.00000000
  0.03736372   0.00000000    -0.03736372   0.00000000     0.33588489   0.00000000

     Dynamical  Matrix in cartesian axes

     q = (    0.750000000   0.250000000   0.750000000 ) 

    1    1
  0.21772173   0.00000000     0.06004797   0.00000000     0.05642640   0.00000000
  0.06004797   0.00000000     0.29510428   0.00000000     0.06004797   0.00000000
  0.05642640   0.00000000     0.06004797   0.00000000     0.21772173   0.00000000
    1    2
  0.02992297  -0.02992297     0.01654380  -0.01654380    -0.00161350   0.00161350
  0.00184008  -0.00184008     0.01947394  -0.01947394     0.00184008  -0.00184008
 -0.00161350   0.00161350     0.01654380  -0.01654380     0.02992297  -0.02992297
    2    1
  0.02992297   0.02992297     0.00184008   0.00184008    -0.00161350  -0.00161350
  0.01654380   0.01654380     0.01947394   0.01947394     0.01654380   0.01654380
 -0.00161350  -0.00161350     0.00184008   0.00184008     0.02992297   0.02992297
    2    2
  0.25181243   0.00000000     0.03736372   0.00000000     0.04172676   0.00000000
  0.03736372   0.00000000     0.33588489   0.00000000     0.03736372   0.00000000
  0.04172676   0.00000000     0.03736372   0.00000000     0.25181243   0.00000000

     Dynamical  Matrix in cartesian axes

     q = (   -0.750000000   0.250000000   0.750000000 ) 

    1    1
  0.21772173   0.00000000    -0.06004797   0.00000000    -0.05642640   0.00000000
 -0.06004797   0.00000000     0.29510428   0.00000000     0.06004797   0.00000000
 -0.05642640   0.00000000     0.06004797   0.00000000     0.21772173   0.00000000
    1    2
  0.02992297   0.02992297    -0.01654380  -0.01654380     0.00161350   0.00161350
 -0.00184008  -0.00184008     0.01947394   0.01947394     0.00184008   0.00184008
  0.00161350   0.00161350     0.01654380   0.01654380     0.02992297   0.02992297
    2    1
  0.02992297  -0.02992297    -0.00184008   0.00184008     0.00161350  -0.00161350
 -0.01654380   0.01654380     0.01947394  -0.01947394     0.01654380  -0.01654380
  0.00161350  -0.00161350     0.00184008  -0.00184008     0.02992297  -0.02992297
    2    2
  0.25181243   0.00000000    -0.03736372   0.00000000    -0.04172676   0.00000000
 -0.03736372   0.00000000     0.33588489   0.00000000     0.03736372   0.00000000
 -0.04172676   0.00000000     0.03736372   0.00000000     0.25181243   0.00000000

     Dynamical  Matrix in cartesian axes

     q = (    0.750000000   0.250000000  -0.750000000 ) 

    1    1
  0.21772173   0.00000000     0.06004797   0.00000000    -0.05642640   0.00000000
  0.06004797   0.00000000     0.29510428   0.00000000    -0.06004797   0.00000000
 -0.05642640   0.00000000    -0.06004797   0.00000000     0.21772173   0.00000000
    1    2
 -0.02992297  -0.02992297    -0.01654380  -0.01654380    -0.00161350  -0.00161350
 -0.00184008  -0.00184008    -0.01947394  -0.01947394     0.00184008   0.00184008
 -0.00161350  -0.00161350     0.01654380   0.01654380    -0.02992297  -0.02992297
    2    1
 -0.02992297   0.02992297    -0.00184008   0.00184008    -0.00161350   0.00161350
 -0.01654380   0.01654380    -0.01947394   0.01947394     0.01654380  -0.01654380
 -0.00161350   0.00161350     0.00184008  -0.00184008    -0.02992297   0.02992297
    2    2
  0.25181243   0.00000000     0.03736372   0.00000000    -0.04172676   0.00000000
  0.03736372   0.00000000     0.33588489   0.00000000    -0.03736372   0.00000000
 -0.04172676   0.00000000    -0.03736372   0.00000000     0.25181243   0.00000000

     Dynamical  Matrix in cartesian axes

     q = (   -0.750000000   0.750000000   0.250000000 ) 

    1    1
  0.21772173   0.00000000    -0.05642640   0.00000000    -0.06004797   0.00000000
 -0.05642640   0.00000000     0.21772173   0.00000000     0.06004797   0.00000000
 -0.06004797   0.00000000     0.06004797   0.00000000     0.29510428   0.00000000
    1    2
  0.02992297   0.02992297     0.00161350   0.00161350    -0.01654380  -0.01654380
  0.00161350   0.00161350     0.02992297   0.02992297     0.01654380   0.01654380
 -0.00184008  -0.00184008     0.00184008   0.00184008     0.01947394   0.01947394
    2    1
  0.02992297  -0.02992297     0.00161350  -0.00161350    -0.00184008   0.00184008
  0.00161350  -0.00161350     0.02992297  -0.02992297     0.00184008  -0.00184008
 -0.01654380   0.01654380     0.01654380  -0.01654380     0.01947394  -0.01947394
    2    2
  0.25181243   0.00000000    -0.04172676   0.00000000    -0.03736372   0.00000000
 -0.04172676   0.00000000     0.25181243   0.00000000     0.03736372   0.00000000
 -0.03736372   0.00000000     0.03736372   0.00000000     0.33588489   0.00000000

     Dynamical  Matrix in cartesian axes

     q = (   -0.250000000   0.750000000   0.750000000 ) 

    1    1
  0.29510428   0.00000000    -0.06004797   0.00000000    -0.06004797   0.00000000
 -0.06004797   0.00000000     0.21772173   0.00000000     0.05642640   0.00000000
 -0.06004797   0.00000000     0.05642640   0.00000000     0.21772173   0.00000000
    1    2
  0.01947394   0.01947394    -0.00184008  -0.00184008    -0.00184008  -0.00184008
 -0.01654380  -0.01654380     0.02992297   0.02992297    -0.00161350  -0.00161350
 -0.01654380  -0.01654380    -0.00161350  -0.00161350     0.02992297   0.02992297
    2    1
  0.01947394  -0.01947394    -0.01654380   0.01654380    -0.01654380   0.01654380
 -0.00184008   0.00184008     0.02992297  -0.02992297    -0.00161350   0.00161350
 -0.00184008   0.00184008    -0.00161350   0.00161350     0.02992297  -0.02992297
    2    2
  0.33588489   0.00000000    -0.03736372   0.00000000    -0.03736372   0.00000000
 -0.03736372   0.00000000     0.25181243   0.00000000     0.04172676   0.00000000
 -0.03736372   0.00000000     0.04172676   0.00000000     0.25181243   0.00000000

     Dynamical  Matrix in cartesian axes

     q = (    0.250000000   0.750000000  -0.750000000 ) 

    1    1
  0.29510428   0.00000000     0.06004797   0.00000000    -0.06004797   0.00000000
  0.06004797   0.00000000     0.21772173   0.00000000    -0.05642640   0.00000000
 -0.06004797   0.00000000    -0.05642640   0.00000000     0.21772173   0.00000000
    1    2
  0.01947394   0.01947394     0.00184008   0.00184008    -0.00184008  -0.00184008
  0.01654380   0.01654380     0.02992297   0.02992297     0.00161350   0.00161350
 -0.01654380  -0.01654380     0.00161350   0.00161350     0.02992297   0.02992297
    2    1
  0.01947394  -0.01947394     0.01654380  -0.01654380    -0.01654380   0.01654380
  0.00184008  -0.00184008     0.02992297  -0.02992297     0.00161350  -0.00161350
 -0.00184008   0.00184008     0.00161350  -0.00161350     0.02992297  -0.02992297
    2    2
  0.33588489   0.00000000     0.03736372   0.00000000    -0.03736372   0.00000000
  0.03736372   0.00000000     0.25181243   0.00000000    -0.04172676   0.00000000
 -0.03736372   0.00000000    -0.04172676   0.00000000     0.25181243   0.00000000

     Dynamical  Matrix in cartesian axes

     q = (   -0.250000000  -0.750000000  -0.750000000 ) 

    1    1
  0.29510428   0.00000000     0.06004797   0.00000000     0.06004797   0.00000000
  0.06004797   0.00000000     0.21772173   0.00000000     0.05642640   0.00000000
  0.06004797   0.00000000     0.05642640   0.00000000     0.21772173   0.00000000
    1    2
 -0.01947394  -0.01947394    -0.00184008  -0.00184008    -0.00184008  -0.00184008
 -0.01654380  -0.01654380    -0.02992297  -0.02992297     0.00161350   0.00161350
 -0.01654380  -0.01654380     0.00161350   0.00161350    -0.02992297  -0.02992297
    2    1
 -0.01947394   0.01947394    -0.01654380   0.01654380    -0.01654380   0.01654380
 -0.00184008   0.00184008    -0.02992297   0.02992297     0.00161350  -0.00161350
 -0.00184008   0.00184008     0.00161350  -0.00161350    -0.02992297   0.02992297
    2    2
  0.33588489   0.00000000     0.03736372   0.00000000     0.03736372   0.00000000
  0.03736372   0.00000000     0.25181243   0.00000000     0.04172676   0.00000000
  0.03736372   0.00000000     0.04172676   0.00000000     0.25181243   0.00000000

     Dynamical  Matrix in cartesian axes

     q = (    0.750000000   0.750000000  -0.250000000 ) 

    1    1
  0.21772173   0.00000000     0.05642640   0.00000000    -0.06004797   0.00000000
  0.05642640   0.00000000     0.21772173   0.00000000    -0.06004797   0.00000000
 -0.06004797   0.00000000    -0.06004797   0.00000000     0.29510428   0.00000000
    1    2
  0.02992297   0.02992297    -0.00161350  -0.00161350    -0.01654380  -0.01654380
 -0.00161350  -0.00161350     0.02992297   0.02992297    -0.01654380  -0.01654380
 -0.00184008  -0.00184008    -0.00184008  -0.00184008     0.01947394   0.01947394
    2    1
  0.02992297  -0.02992297    -0.00161350   0.00161350    -0.00184008   0.00184008
 -0.00161350   0.00161350     0.02992297  -0.02992297    -0.00184008   0.00184008
 -0.01654380   0.01654380    -0.01654380   0.01654380     0.01947394  -0.01947394
    2    2
  0.25181243   0.00000000     0.04172676   0.00000000    -0.03736372   0.00000000
  0.04172676   0.00000000     0.25181243   0.00000000    -0.03736372   0.00000000
 -0.03736372   0.00000000    -0.03736372   0.00000000     0.33588489   0.00000000

     Dynamical  Matrix in cartesian axes

     q = (    0.750000000  -0.750000000   0.250000000 ) 

    1    1
  0.21772173   0.00000000    -0.05642640   0.00000000     0.06004797   0.00000000
 -0.05642640   0.00000000     0.21772173   0.00000000    -0.06004797   0.00000000
  0.06004797   0.00000000    -0.06004797   0.00000000     0.29510428   0.00000000
    1    2
 -0.02992297  -0.02992297    -0.00161350  -0.00161350    -0.01654380  -0.01654380
 -0.00161350  -0.00161350    -0.02992297  -0.02992297     0.01654380   0.01654380
 -0.00184008  -0.00184008     0.00184008   0.00184008    -0.01947394  -0.01947394
    2    1
 -0.02992297   0.02992297    -0.00161350   0.00161350    -0.00184008   0.00184008
 -0.00161350   0.00161350    -0.02992297   0.02992297     0.00184008  -0.00184008
 -0.01654380   0.01654380     0.01654380  -0.01654380    -0.01947394   0.01947394
    2    2
  0.25181243   0.00000000    -0.04172676   0.00000000     0.03736372   0.00000000
 -0.04172676   0.00000000     0.25181243   0.00000000    -0.03736372   0.00000000
  0.03736372   0.00000000    -0.03736372   0.00000000     0.33588489   0.00000000

     Dynamical  Matrix in cartesian axes

     q = (   -0.750000000  -0.750000000  -0.250000000 ) 

    1    1
  0.21772173   0.00000000     0.05642640   0.00000000     0.06004797   0.00000000
  0.05642640   0.00000000     0.21772173   0.00000000     0.06004797   0.00000000
  0.06004797   0.00000000     0.06004797   0.00000000     0.29510428   0.00000000
    1    2
  0.02992297   0.02992297    -0.00161350  -0.00161350     0.01654380   0.01654380
 -0.00161350  -0.00161350     0.02992297   0.02992297     0.01654380   0.01654380
  0.00184008   0.00184008     0.00184008   0.00184008     0.01947394   0.01947394
    2    1
  0.02992297  -0.02992297    -0.00161350   0.00161350     0.00184008  -0.00184008
 -0.00161350   0.00161350     0.02992297  -0.02992297     0.00184008  -0.00184008
  0.01654380  -0.01654380     0.01654380  -0.01654380     0.01947394  -0.01947394
    2    2
  0.25181243   0.00000000     0.04172676   0.00000000     0.03736372   0.00000000
  0.04172676   0.00000000     0.25181243   0.00000000     0.03736372   0.00000000
  0.03736372   0.00000000     0.03736372   0.00000000     0.33588489   0.00000000

     Dynamical  Matrix in cartesian axes

     q = (    0.250000000  -0.750000000   0.750000000 ) 

    1    1
  0.29510428   0.00000000    -0.06004797   0.00000000     0.06004797   0.00000000
 -0.06004797   0.00000000     0.21772173   0.00000000    -0.05642640   0.00000000
  0.06004797   0.00000000    -0.05642640   0.00000000     0.21772173   0.00000000
    1    2
  0.01947394   0.01947394    -0.00184008  -0.00184008     0.00184008   0.00184008
 -0.01654380  -0.01654380     0.02992297   0.02992297     0.00161350   0.00161350
  0.01654380   0.01654380     0.00161350   0.00161350     0.02992297   0.02992297
    2    1
  0.01947394  -0.01947394    -0.01654380   0.01654380     0.01654380  -0.01654380
 -0.00184008   0.00184008     0.02992297  -0.02992297     0.00161350  -0.00161350
  0.00184008  -0.00184008     0.00161350  -0.00161350     0.02992297  -0.02992297
    2    2
  0.33588489   0.00000000    -0.03736372   0.00000000     0.03736372   0.00000000
 -0.03736372   0.00000000     0.25181243   0.00000000    -0.04172676   0.00000000
  0.03736372   0.00000000    -0.04172676   0.00000000     0.25181243   0.00000000

     Dynamical  Matrix in cartesian axes

     q = (   -0.750000000  -0.750000000   0.250000000 ) 

    1    1
  0.21772173   0.00000000     0.05642640   0.00000000    -0.06004797   0.00000000
  0.05642640   0.00000000     0.21772173   0.00000000    -0.06004797   0.00000000
 -0.06004797   0.00000000    -0.06004797   0.00000000     0.29510428   0.00000000
    1    2
  0.02992297  -0.02992297    -0.00161350   0.00161350    -0.01654380   0.01654380
 -0.00161350   0.00161350     0.02992297  -0.02992297    -0.01654380   0.01654380
 -0.00184008   0.00184008    -0.00184008   0.00184008     0.01947394  -0.01947394
    2    1
  0.02992297   0.02992297    -0.00161350  -0.00161350    -0.00184008  -0.00184008
 -0.00161350  -0.00161350     0.02992297   0.02992297    -0.00184008  -0.00184008
 -0.01654380  -0.01654380    -0.01654380  -0.01654380     0.01947394   0.01947394
    2    2
  0.25181243   0.00000000     0.04172676   0.00000000    -0.03736372   0.00000000
  0.04172676   0.00000000     0.25181243   0.00000000    -0.03736372   0.00000000
 -0.03736372   0.00000000    -0.03736372   0.00000000     0.33588489   0.00000000

     Dynamical  Matrix in cartesian axes

     q = (    0.250000000   0.750000000   0.750000000 ) 

    1    1
  0.29510428   0.00000000     0.06004797   0.00000000     0.06004797   0.00000000
  0.06004797   0.00000000     0.21772173   0.00000000     0.05642640   0.00000000
  0.06004797   0.00000000     0.05642640   0.00000000     0.21772173   0.00000000
    1    2
 -0.01947394   0.01947394    -0.00184008   0.00184008    -0.00184008   0.00184008
 -0.01654380   0.01654380    -0.02992297   0.02992297     0.00161350  -0.00161350
 -0.01654380   0.01654380     0.00161350  -0.00161350    -0.02992297   0.02992297
    2    1
 -0.01947394  -0.01947394    -0.01654380  -0.01654380    -0.01654380  -0.01654380
 -0.00184008  -0.00184008    -0.02992297  -0.02992297     0.00161350   0.00161350
 -0.00184008  -0.00184008     0.00161350   0.00161350    -0.02992297  -0.02992297
    2    2
  0.33588489   0.00000000     0.03736372   0.00000000     0.03736372   0.00000000
  0.03736372   0.00000000     0.25181243   0.00000000     0.04172676   0.00000000
  0.03736372   0.00000000     0.04172676   0.00000000     0.25181243   0.00000000

     Dynamical  Matrix in cartesian axes

     q = (   -0.250000000  -0.750000000   0.750000000 ) 

    1    1
  0.29510428   0.00000000     0.06004797   0.00000000    -0.06004797   0.00000000
  0.06004797   0.00000000     0.21772173   0.00000000    -0.05642640   0.00000000
 -0.06004797   0.00000000    -0.05642640   0.00000000     0.21772173   0.00000000
    1    2
  0.01947394  -0.01947394     0.00184008  -0.00184008    -0.00184008   0.00184008
  0.01654380  -0.01654380     0.02992297  -0.02992297     0.00161350  -0.00161350
 -0.01654380   0.01654380     0.00161350  -0.00161350     0.02992297  -0.02992297
    2    1
  0.01947394   0.01947394     0.01654380   0.01654380    -0.01654380  -0.01654380
  0.00184008   0.00184008     0.02992297   0.02992297     0.00161350   0.00161350
 -0.00184008  -0.00184008     0.00161350   0.00161350     0.02992297   0.02992297
    2    2
  0.33588489   0.00000000     0.03736372   0.00000000    -0.03736372   0.00000000
  0.03736372   0.00000000     0.25181243   0.00000000    -0.04172676   0.00000000
 -0.03736372   0.00000000    -0.04172676   0.00000000     0.25181243   0.00000000

     Dynamical  Matrix in cartesian axes

     q = (    0.750000000   0.750000000   0.250000000 ) 

    1    1
  0.21772173   0.00000000     0.05642640   0.00000000     0.06004797   0.00000000
  0.05642640   0.00000000     0.21772173   0.00000000     0.06004797   0.00000000
  0.06004797   0.00000000     0.06004797   0.00000000     0.29510428   0.00000000
    1    2
  0.02992297  -0.02992297    -0.00161350   0.00161350     0.01654380  -0.01654380
 -0.00161350   0.00161350     0.02992297  -0.02992297     0.01654380  -0.01654380
  0.00184008  -0.00184008     0.00184008  -0.00184008     0.01947394  -0.01947394
    2    1
  0.02992297   0.02992297    -0.00161350  -0.00161350     0.00184008   0.00184008
 -0.00161350  -0.00161350     0.02992297   0.02992297     0.00184008   0.00184008
  0.01654380   0.01654380     0.01654380   0.01654380     0.01947394   0.01947394
    2    2
  0.25181243   0.00000000     0.04172676   0.00000000     0.03736372   0.00000000
  0.04172676   0.00000000     0.25181243   0.00000000     0.03736372   0.00000000
  0.03736372   0.00000000     0.03736372   0.00000000     0.33588489   0.00000000

     Dynamical  Matrix in cartesian axes

     q = (    0.250000000  -0.750000000  -0.750000000 ) 

    1    1
  0.29510428   0.00000000    -0.06004797   0.00000000    -0.06004797   0.00000000
 -0.06004797   0.00000000     0.21772173   0.00000000     0.05642640   0.00000000
 -0.06004797   0.00000000     0.05642640   0.00000000     0.21772173   0.00000000
    1    2
  0.01947394  -0.01947394    -0.00184008   0.00184008    -0.00184008   0.00184008
 -0.01654380   0.01654380     0.02992297  -0.02992297    -0.00161350   0.00161350
 -0.01654380   0.01654380    -0.00161350   0.00161350     0.02992297  -0.02992297
    2    1
  0.01947394   0.01947394    -0.01654380  -0.01654380    -0.01654380  -0.01654380
 -0.00184008  -0.00184008     0.02992297   0.02992297    -0.00161350  -0.00161350
 -0.00184008  -0.00184008    -0.00161350  -0.00161350     0.02992297   0.02992297
    2    2
  0.33588489   0.00000000    -0.03736372   0.00000000    -0.03736372   0.00000000
 -0.03736372   0.00000000     0.25181243   0.00000000     0.04172676   0.00000000
 -0.03736372   0.00000000     0.04172676   0.00000000     0.25181243   0.00000000

     Dynamical  Matrix in cartesian axes

     q = (    0.750000000  -0.750000000  -0.250000000 ) 

    1    1
  0.21772173   0.00000000    -0.05642640   0.00000000    -0.06004797   0.00000000
 -0.05642640   0.00000000     0.21772173   0.00000000     0.06004797   0.00000000
 -0.06004797   0.00000000     0.06004797   0.00000000     0.29510428   0.00000000
    1    2
  0.02992297  -0.02992297     0.00161350  -0.00161350    -0.01654380   0.01654380
  0.00161350  -0.00161350     0.02992297  -0.02992297     0.01654380  -0.01654380
 -0.00184008   0.00184008     0.00184008  -0.00184008     0.01947394  -0.01947394
    2    1
  0.02992297   0.02992297     0.00161350   0.00161350    -0.00184008  -0.00184008
  0.00161350   0.00161350     0.02992297   0.02992297     0.00184008   0.00184008
 -0.01654380  -0.01654380     0.01654380   0.01654380     0.01947394   0.01947394
    2    2
  0.25181243   0.00000000    -0.04172676   0.00000000    -0.03736372   0.00000000
 -0.04172676   0.00000000     0.25181243   0.00000000     0.03736372   0.00000000
 -0.03736372   0.00000000     0.03736372   0.00000000     0.33588489   0.00000000

     Diagonalizing the dynamical matrix

     q = (    0.750000000  -0.250000000   0.750000000 ) 

 **************************************************************************
     freq (    1) =       8.388857 [THz] =     279.822153 [cm-1]
 ( -0.466313 -0.466313 -0.000000  0.000000  0.466313  0.466313 ) 
 (  0.255155 -0.000000 -0.000000  0.000000 -0.255155  0.000000 ) 
     freq (    2) =       9.743858 [THz] =     325.020114 [cm-1]
 ( -0.377789 -0.377789 -0.447146 -0.447146 -0.377789 -0.377789 ) 
 (  0.120778 -0.000000  0.006927 -0.000000  0.120778  0.000000 ) 
     freq (    3) =      12.820238 [THz] =     427.637092 [cm-1]
 ( -0.123404 -0.123404  0.000000  0.000000  0.123404  0.123404 ) 
 ( -0.685232 -0.000000  0.000000  0.000000  0.685232  0.000000 ) 
     freq (    4) =      13.105359 [THz] =     437.147726 [cm-1]
 ( -0.294578 -0.294578  0.518355  0.518355 -0.294578 -0.294578 ) 
 (  0.124120  0.000000 -0.291033 -0.000000  0.124120  0.000000 ) 
     freq (    5) =      13.881773 [THz] =     463.046107 [cm-1]
 ( -0.032427 -0.032427 -0.050826 -0.050826 -0.032427 -0.032427 ) 
 ( -0.577740  0.000000 -0.568384 -0.000000 -0.577740  0.000000 ) 
     freq (    6) =      16.908177 [THz] =     563.996072 [cm-1]
 (  0.097079  0.097079 -0.098806 -0.098806  0.097079  0.097079 ) 
 (  0.389820  0.000000 -0.799286 -0.000000  0.389820  0.000000 ) 
 **************************************************************************
