Dynamical matrix file
Ph                                                                         
  1    2  2 10.0000000  0.0000000  0.0000000  0.0000000  0.0000000  0.0000000
           1  'Si  '    25598.822984527003     
    1    1      0.0000000000      0.0000000000      0.0000000000
    2    1      0.2500000000      0.2500000000      0.2500000000

     Dynamical  Matrix in cartesian axes

     q = (    0.750000000  -0.250000000   0.750000000 ) 

    1    1
  0.28862670  0.00000000   -0.00807232  0.00905176    0.00832135  0.00000000
 -0.00807232 -0.00905176    0.34696307  0.00000000   -0.00807232 -0.00905176
  0.00832135  0.00000000   -0.00807232  0.00905176    0.28862670  0.00000000
    1    2
 -0.07265537  0.07554717   -0.05047116  0.05379114   -0.05050468 -0.17102783
 -0.05047116  0.05379114   -0.07190505  0.09180139   -0.05047116  0.05379114
 -0.05050468 -0.17102783   -0.05047116  0.05379114   -0.07265537  0.07554717
    2    1
 -0.07265537 -0.07554717   -0.05047116 -0.05379114   -0.05050468  0.17102783
 -0.05047116 -0.05379114   -0.07190505 -0.09180139   -0.05047116 -0.05379114
 -0.05050468  0.17102783   -0.05047116 -0.05379114   -0.07265537 -0.07554717
    2    2
  0.28862670  0.00000000   -0.00807232 -0.00905176    0.00832135  0.00000000
 -0.00807232  0.00905176    0.34696307  0.00000000   -0.00807232  0.00905176
  0.00832135  0.00000000   -0.00807232 -0.00905176    0.28862670  0.00000000

     Dynamical  Matrix in cartesian axes

     q = (    0.750000000  -0.250000000  -0.750000000 ) 

    1    1
  0.28862670  0.00000000   -0.00807232 -0.00905176   -0.00832135  0.00000000
 -0.00807232  0.00905176    0.34696307  0.00000000    0.00807232 -0.00905176
 -0.00832135  0.00000000    0.00807232  0.00905176    0.28862670  0.00000000
    1    2
 -0.07554717  0.07265537   -0.05379114  0.05047116   -0.17102783 -0.05050468
 -0.05379114  0.05047116   -0.09180139  0.07190505    0.05379114 -0.05047116
 -0.17102783 -0.05050468    0.05379114 -0.05047116   -0.07554717  0.07265537
    2    1
 -0.07554717 -0.07265537   -0.05379114 -0.05047116   -0.17102783  0.05050468
 -0.05379114 -0.05047116   -0.09180139 -0.07190505    0.05379114  0.05047116
 -0.17102783  0.05050468    0.05379114  0.05047116   -0.07554717 -0.07265537
    2    2
  0.28862670  0.00000000   -0.00807232  0.00905176   -0.00832135  0.00000000
 -0.00807232 -0.00905176    0.34696307  0.00000000    0.00807232  0.00905176
 -0.00832135  0.00000000    0.00807232 -0.00905176    0.28862670  0.00000000

     Dynamical  Matrix in cartesian axes

     q = (   -0.750000000  -0.250000000  -0.750000000 ) 

    1    1
  0.28862670  0.00000000    0.00807232 -0.00905176    0.00832135  0.00000000
  0.00807232  0.00905176    0.34696307  0.00000000    0.00807232  0.00905176
  0.00832135  0.00000000    0.00807232 -0.00905176    0.28862670  0.00000000
    1    2
  0.07554717  0.07265537   -0.05379114 -0.05047116   -0.17102783  0.05050468
 -0.05379114 -0.05047116    0.09180139  0.07190505   -0.05379114 -0.05047116
 -0.17102783  0.05050468   -0.05379114 -0.05047116    0.07554717  0.07265537
    2    1
  0.07554717 -0.07265537   -0.05379114  0.05047116   -0.17102783 -0.05050468
 -0.05379114  0.05047116    0.09180139 -0.07190505   -0.05379114  0.05047116
 -0.17102783 -0.05050468   -0.05379114  0.05047116    0.07554717 -0.07265537
    2    2
  0.28862670  0.00000000    0.00807232  0.00905176    0.00832135  0.00000000
  0.00807232 -0.00905176    0.34696307  0.00000000    0.00807232 -0.00905176
  0.00832135  0.00000000    0.00807232  0.00905176    0.28862670  0.00000000

     Dynamical  Matrix in cartesian axes

     q = (   -0.750000000  -0.250000000   0.750000000 ) 

    1    1
  0.28862670  0.00000000    0.00807232  0.00905176   -0.00832135  0.00000000
  0.00807232 -0.00905176    0.34696307  0.00000000   -0.00807232  0.00905176
 -0.00832135  0.00000000   -0.00807232 -0.00905176    0.28862670  0.00000000
    1    2
 -0.07554717  0.07265537    0.05379114 -0.05047116   -0.17102783 -0.05050468
  0.05379114 -0.05047116   -0.09180139  0.07190505   -0.05379114  0.05047116
 -0.17102783 -0.05050468   -0.05379114  0.05047116   -0.07554717  0.07265537
    2    1
 -0.07554717 -0.07265537    0.05379114  0.05047116   -0.17102783  0.05050468
  0.05379114  0.05047116   -0.09180139 -0.07190505   -0.05379114 -0.05047116
 -0.17102783  0.05050468   -0.05379114 -0.05047116   -0.07554717 -0.07265537
    2    2
  0.28862670  0.00000000    0.00807232 -0.00905176   -0.00832135  0.00000000
  0.00807232  0.00905176    0.34696307  0.00000000   -0.00807232 -0.00905176
 -0.00832135  0.00000000   -0.00807232  0.00905176    0.28862670  0.00000000

     Dynamical  Matrix in cartesian axes

     q = (   -0.750000000   0.250000000  -0.750000000 ) 

    1    1
  0.28862670  0.00000000   -0.00807232 -0.00905176    0.00832135  0.00000000
 -0.00807232  0.00905176    0.34696307  0.00000000   -0.00807232  0.00905176
  0.00832135  0.00000000   -0.00807232 -0.00905176    0.28862670  0.00000000
    1    2
 -0.07265537 -0.07554717   -0.05047116 -0.05379114   -0.05050468  0.17102783
 -0.05047116 -0.05379114   -0.07190505 -0.09180139   -0.05047116 -0.05379114
 -0.05050468  0.17102783   -0.05047116 -0.05379114   -0.07265537 -0.07554717
    2    1
 -0.07265537  0.07554717   -0.05047116  0.05379114   -0.05050468 -0.17102783
 -0.05047116  0.05379114   -0.07190505  0.09180139   -0.05047116  0.05379114
 -0.05050468 -0.17102783   -0.05047116  0.05379114   -0.07265537  0.07554717
    2    2
  0.28862670  0.00000000   -0.00807232  0.00905176    0.00832135  0.00000000
 -0.00807232 -0.00905176    0.34696307  0.00000000   -0.00807232 -0.00905176
  0.00832135  0.00000000   -0.00807232  0.00905176    0.28862670  0.00000000

     Dynamical  Matrix in cartesian axes

     q = (   -0.250000000   0.750000000  -0.750000000 ) 

    1    1
  0.34696307  0.00000000   -0.00807232  0.00905176    0.00807232 -0.00905176
 -0.00807232 -0.00905176    0.28862670  0.00000000   -0.00832135  0.00000000
  0.00807232  0.00905176   -0.00832135  0.00000000    0.28862670  0.00000000
    1    2
 -0.09180139  0.07190505   -0.05379114  0.05047116    0.05379114 -0.05047116
 -0.05379114  0.05047116   -0.07554717  0.07265537   -0.17102783 -0.05050468
  0.05379114 -0.05047116   -0.17102783 -0.05050468   -0.07554717  0.07265537
    2    1
 -0.09180139 -0.07190505   -0.05379114 -0.05047116    0.05379114  0.05047116
 -0.05379114 -0.05047116   -0.07554717 -0.07265537   -0.17102783  0.05050468
  0.05379114  0.05047116   -0.17102783  0.05050468   -0.07554717 -0.07265537
    2    2
  0.34696307  0.00000000   -0.00807232 -0.00905176    0.00807232  0.00905176
 -0.00807232  0.00905176    0.28862670  0.00000000   -0.00832135  0.00000000
  0.00807232 -0.00905176   -0.00832135  0.00000000    0.28862670  0.00000000

     Dynamical  Matrix in cartesian axes

     q = (   -0.750000000   0.750000000  -0.250000000 ) 

    1    1
  0.28862670  0.00000000   -0.00832135  0.00000000    0.00807232  0.00905176
 -0.00832135  0.00000000    0.28862670  0.00000000   -0.00807232 -0.00905176
  0.00807232 -0.00905176   -0.00807232  0.00905176    0.34696307  0.00000000
    1    2
 -0.07554717  0.07265537   -0.17102783 -0.05050468    0.05379114 -0.05047116
 -0.17102783 -0.05050468   -0.07554717  0.07265537   -0.05379114  0.05047116
  0.05379114 -0.05047116   -0.05379114  0.05047116   -0.09180139  0.07190505
    2    1
 -0.07554717 -0.07265537   -0.17102783  0.05050468    0.05379114  0.05047116
 -0.17102783  0.05050468   -0.07554717 -0.07265537   -0.05379114 -0.05047116
  0.05379114  0.05047116   -0.05379114 -0.05047116   -0.09180139 -0.07190505
    2    2
  0.28862670  0.00000000   -0.00832135  0.00000000    0.00807232 -0.00905176
 -0.00832135  0.00000000    0.28862670  0.00000000   -0.00807232  0.00905176
  0.00807232  0.00905176   -0.00807232 -0.00905176    0.34696307  0.00000000

     Dynamical  Matrix in cartesian axes

     q = (    0.750000000   0.250000000   0.750000000 ) 

    1    1
  0.28862670  0.00000000    0.00807232  0.00905176    0.00832135  0.00000000
  0.00807232 -0.00905176    0.34696307  0.00000000    0.00807232 -0.00905176
  0.00832135  0.00000000    0.00807232  0.00905176    0.28862670  0.00000000
    1    2
  0.07554717 -0.07265537   -0.05379114  0.05047116   -0.17102783 -0.05050468
 -0.05379114  0.05047116    0.09180139 -0.07190505   -0.05379114  0.05047116
 -0.17102783 -0.05050468   -0.05379114  0.05047116    0.07554717 -0.07265537
    2    1
  0.07554717  0.07265537   -0.05379114 -0.05047116   -0.17102783  0.05050468
 -0.05379114 -0.05047116    0.09180139  0.07190505   -0.05379114 -0.05047116
 -0.17102783  0.05050468   -0.05379114 -0.05047116    0.07554717  0.07265537
    2    2
  0.28862670  0.00000000    0.00807232 -0.00905176    0.00832135  0.00000000
  0.00807232  0.00905176    0.34696307  0.00000000    0.00807232  0.00905176
  0.00832135  0.00000000    0.00807232 -0.00905176    0.28862670  0.00000000

     Dynamical  Matrix in cartesian axes

     q = (   -0.750000000   0.250000000   0.750000000 ) 

    1    1
  0.28862670  0.00000000   -0.00807232  0.00905176   -0.00832135  0.00000000
 -0.00807232 -0.00905176    0.34696307  0.00000000    0.00807232  0.00905176
 -0.00832135  0.00000000    0.00807232 -0.00905176    0.28862670  0.00000000
    1    2
 -0.07554717 -0.07265537   -0.05379114 -0.05047116   -0.17102783  0.05050468
 -0.05379114 -0.05047116   -0.09180139 -0.07190505    0.05379114  0.05047116
 -0.17102783  0.05050468    0.05379114  0.05047116   -0.07554717 -0.07265537
    2    1
 -0.07554717  0.07265537   -0.05379114  0.05047116   -0.17102783 -0.05050468
 -0.05379114  0.05047116   -0.09180139  0.07190505    0.05379114 -0.05047116
 -0.17102783 -0.05050468    0.05379114 -0.05047116   -0.07554717  0.07265537
    2    2
  0.28862670  0.00000000   -0.00807232 -0.00905176   -0.00832135  0.00000000
 -0.00807232  0.00905176    0.34696307  0.00000000    0.00807232 -0.00905176
 -0.00832135  0.00000000    0.00807232  0.00905176    0.28862670  0.00000000

     Dynamical  Matrix in cartesian axes

     q = (    0.750000000   0.250000000  -0.750000000 ) 

    1    1
  0.28862670  0.00000000    0.00807232 -0.00905176   -0.00832135  0.00000000
  0.00807232  0.00905176    0.34696307  0.00000000   -0.00807232 -0.00905176
 -0.00832135  0.00000000   -0.00807232  0.00905176    0.28862670  0.00000000
    1    2
 -0.07554717 -0.07265537    0.05379114  0.05047116   -0.17102783  0.05050468
  0.05379114  0.05047116   -0.09180139 -0.07190505   -0.05379114 -0.05047116
 -0.17102783  0.05050468   -0.05379114 -0.05047116   -0.07554717 -0.07265537
    2    1
 -0.07554717  0.07265537    0.05379114 -0.05047116   -0.17102783 -0.05050468
  0.05379114 -0.05047116   -0.09180139  0.07190505   -0.05379114  0.05047116
 -0.17102783 -0.05050468   -0.05379114  0.05047116   -0.07554717  0.07265537
    2    2
  0.28862670  0.00000000    0.00807232  0.00905176   -0.00832135  0.00000000
  0.00807232 -0.00905176    0.34696307  0.00000000   -0.00807232  0.00905176
 -0.00832135  0.00000000   -0.00807232 -0.00905176    0.28862670  0.00000000

     Dynamical  Matrix in cartesian axes

     q = (   -0.750000000   0.750000000   0.250000000 ) 

    1    1
  0.28862670  0.00000000   -0.00832135  0.00000000   -0.00807232  0.00905176
 -0.00832135  0.00000000    0.28862670  0.00000000    0.00807232 -0.00905176
 -0.00807232 -0.00905176    0.00807232  0.00905176    0.34696307  0.00000000
    1    2
 -0.07554717 -0.07265537   -0.17102783  0.05050468   -0.05379114 -0.05047116
 -0.17102783  0.05050468   -0.07554717 -0.07265537    0.05379114  0.05047116
 -0.05379114 -0.05047116    0.05379114  0.05047116   -0.09180139 -0.07190505
    2    1
 -0.07554717  0.07265537   -0.17102783 -0.05050468   -0.05379114  0.05047116
 -0.17102783 -0.05050468   -0.07554717  0.07265537    0.05379114 -0.05047116
 -0.05379114  0.05047116    0.05379114 -0.05047116   -0.09180139  0.07190505
    2    2
  0.28862670  0.00000000   -0.00832135  0.00000000   -0.00807232 -0.00905176
 -0.00832135  0.00000000    0.28862670  0.00000000    0.00807232  0.00905176
 -0.00807232  0.00905176    0.00807232 -0.00905176    0.34696307  0.00000000

     Dynamical  Matrix in cartesian axes

     q = (   -0.250000000   0.750000000   0.750000000 ) 

    1    1
  0.34696307  0.00000000   -0.00807232 -0.00905176   -0.00807232 -0.00905176
 -0.00807232  0.00905176    0.28862670  0.00000000    0.00832135  0.00000000
 -0.00807232  0.00905176    0.00832135  0.00000000    0.28862670  0.00000000
    1    2
 -0.07190505  0.09180139   -0.05047116  0.05379114   -0.05047116  0.05379114
 -0.05047116  0.05379114   -0.07265537  0.07554717   -0.05050468 -0.17102783
 -0.05047116  0.05379114   -0.05050468 -0.17102783   -0.07265537  0.07554717
    2    1
 -0.07190505 -0.09180139   -0.05047116 -0.05379114   -0.05047116 -0.05379114
 -0.05047116 -0.05379114   -0.07265537 -0.07554717   -0.05050468  0.17102783
 -0.05047116 -0.05379114   -0.05050468  0.17102783   -0.07265537 -0.07554717
    2    2
  0.34696307  0.00000000   -0.00807232  0.00905176   -0.00807232  0.00905176
 -0.00807232 -0.00905176    0.28862670  0.00000000    0.00832135  0.00000000
 -0.00807232 -0.00905176    0.00832135  0.00000000    0.28862670  0.00000000

     Dynamical  Matrix in cartesian axes

     q = (    0.250000000   0.750000000  -0.750000000 ) 

    1    1
  0.34696307  0.00000000    0.00807232  0.00905176   -0.00807232 -0.00905176
  0.00807232 -0.00905176    0.28862670  0.00000000   -0.00832135  0.00000000
 -0.00807232  0.00905176   -0.00832135  0.00000000    0.28862670  0.00000000
    1    2
 -0.09180139 -0.07190505    0.05379114  0.05047116   -0.05379114 -0.05047116
  0.05379114  0.05047116   -0.07554717 -0.07265537   -0.17102783  0.05050468
 -0.05379114 -0.05047116   -0.17102783  0.05050468   -0.07554717 -0.07265537
    2    1
 -0.09180139  0.07190505    0.05379114 -0.05047116   -0.05379114  0.05047116
  0.05379114 -0.05047116   -0.07554717  0.07265537   -0.17102783 -0.05050468
 -0.05379114  0.05047116   -0.17102783 -0.05050468   -0.07554717  0.07265537
    2    2
  0.34696307  0.00000000    0.00807232 -0.00905176   -0.00807232  0.00905176
  0.00807232  0.00905176    0.28862670  0.00000000   -0.00832135  0.00000000
 -0.00807232 -0.00905176   -0.00832135  0.00000000    0.28862670  0.00000000

     Dynamical  Matrix in cartesian axes

     q = (   -0.250000000  -0.750000000  -0.750000000 ) 

    1    1
  0.34696307  0.00000000    0.00807232  0.00905176    0.00807232  0.00905176
  0.00807232 -0.00905176    0.28862670  0.00000000    0.00832135  0.00000000
  0.00807232 -0.00905176    0.00832135  0.00000000    0.28862670  0.00000000
    1    2
  0.09180139  0.07190505   -0.05379114 -0.05047116   -0.05379114 -0.05047116
 -0.05379114 -0.05047116    0.07554717  0.07265537   -0.17102783  0.05050468
 -0.05379114 -0.05047116   -0.17102783  0.05050468    0.07554717  0.07265537
    2    1
  0.09180139 -0.07190505   -0.05379114  0.05047116   -0.05379114  0.05047116
 -0.05379114  0.05047116    0.07554717 -0.07265537   -0.17102783 -0.05050468
 -0.05379114  0.05047116   -0.17102783 -0.05050468    0.07554717 -0.07265537
    2    2
  0.34696307  0.00000000    0.00807232 -0.00905176    0.00807232 -0.00905176
  0.00807232  0.00905176    0.28862670  0.00000000    0.00832135  0.00000000
  0.00807232  0.00905176    0.00832135  0.00000000    0.28862670  0.00000000

     Dynamical  Matrix in cartesian axes

     q = (    0.750000000   0.750000000  -0.250000000 ) 

    1    1
  0.28862670  0.00000000    0.00832135  0.00000000   -0.00807232  0.00905176
  0.00832135  0.00000000    0.28862670  0.00000000   -0.00807232  0.00905176
 -0.00807232 -0.00905176   -0.00807232 -0.00905176    0.34696307  0.00000000
    1    2
 -0.07265537  0.07554717   -0.05050468 -0.17102783   -0.05047116  0.05379114
 -0.05050468 -0.17102783   -0.07265537  0.07554717   -0.05047116  0.05379114
 -0.05047116  0.05379114   -0.05047116  0.05379114   -0.07190505  0.09180139
    2    1
 -0.07265537 -0.07554717   -0.05050468  0.17102783   -0.05047116 -0.05379114
 -0.05050468  0.17102783   -0.07265537 -0.07554717   -0.05047116 -0.05379114
 -0.05047116 -0.05379114   -0.05047116 -0.05379114   -0.07190505 -0.09180139
    2    2
  0.28862670  0.00000000    0.00832135  0.00000000   -0.00807232 -0.00905176
  0.00832135  0.00000000    0.28862670  0.00000000   -0.00807232 -0.00905176
 -0.00807232  0.00905176   -0.00807232  0.00905176    0.34696307  0.00000000

     Dynamical  Matrix in cartesian axes

     q = (    0.750000000  -0.750000000   0.250000000 ) 

    1    1
  0.28862670  0.00000000   -0.00832135  0.00000000    0.00807232 -0.00905176
 -0.00832135  0.00000000    0.28862670  0.00000000   -0.00807232  0.00905176
  0.00807232  0.00905176   -0.00807232 -0.00905176    0.34696307  0.00000000
    1    2
 -0.07554717 -0.07265537   -0.17102783  0.05050468    0.05379114  0.05047116
 -0.17102783  0.05050468   -0.07554717 -0.07265537   -0.05379114 -0.05047116
  0.05379114  0.05047116   -0.05379114 -0.05047116   -0.09180139 -0.07190505
    2    1
 -0.07554717  0.07265537   -0.17102783 -0.05050468    0.05379114 -0.05047116
 -0.17102783 -0.05050468   -0.07554717  0.07265537   -0.05379114  0.05047116
  0.05379114 -0.05047116   -0.05379114  0.05047116   -0.09180139  0.07190505
    2    2
  0.28862670  0.00000000   -0.00832135  0.00000000    0.00807232  0.00905176
 -0.00832135  0.00000000    0.28862670  0.00000000   -0.00807232 -0.00905176
  0.00807232 -0.00905176   -0.00807232  0.00905176    0.34696307  0.00000000

     Dynamical  Matrix in cartesian axes

     q = (   -0.750000000  -0.750000000  -0.250000000 ) 

    1    1
  0.28862670  0.00000000    0.00832135  0.00000000    0.00807232 -0.00905176
  0.00832135  0.00000000    0.28862670  0.00000000    0.00807232 -0.00905176
  0.00807232  0.00905176    0.00807232  0.00905176    0.34696307  0.00000000
    1    2
  0.07554717  0.07265537   -0.17102783  0.05050468   -0.05379114 -0.05047116
 -0.17102783  0.05050468    0.07554717  0.07265537   -0.05379114 -0.05047116
 -0.05379114 -0.05047116   -0.05379114 -0.05047116    0.09180139  0.07190505
    2    1
  0.07554717 -0.07265537   -0.17102783 -0.05050468   -0.05379114  0.05047116
 -0.17102783 -0.05050468    0.07554717 -0.07265537   -0.05379114  0.05047116
 -0.05379114  0.05047116   -0.05379114  0.05047116    0.09180139 -0.07190505
    2    2
  0.28862670  0.00000000    0.00832135  0.00000000    0.00807232  0.00905176
  0.00832135  0.00000000    0.28862670  0.00000000    0.00807232  0.00905176
  0.00807232 -0.00905176    0.00807232 -0.00905176    0.34696307  0.00000000

     Dynamical  Matrix in cartesian axes

     q = (    0.250000000  -0.750000000   0.750000000 ) 

    1    1
  0.34696307  0.00000000   -0.00807232 -0.00905176    0.00807232  0.00905176
 -0.00807232  0.00905176    0.28862670  0.00000000   -0.00832135  0.00000000
  0.00807232 -0.00905176   -0.00832135  0.00000000    0.28862670  0.00000000
    1    2
 -0.09180139 -0.07190505   -0.05379114 -0.05047116    0.05379114  0.05047116
 -0.05379114 -0.05047116   -0.07554717 -0.07265537   -0.17102783  0.05050468
  0.05379114  0.05047116   -0.17102783  0.05050468   -0.07554717 -0.07265537
    2    1
 -0.09180139  0.07190505   -0.05379114  0.05047116    0.05379114 -0.05047116
 -0.05379114  0.05047116   -0.07554717  0.07265537   -0.17102783 -0.05050468
  0.05379114 -0.05047116   -0.17102783 -0.05050468   -0.07554717  0.07265537
    2    2
  0.34696307  0.00000000   -0.00807232  0.00905176    0.00807232 -0.00905176
 -0.00807232 -0.00905176    0.28862670  0.00000000   -0.00832135  0.00000000
  0.00807232  0.00905176   -0.00832135  0.00000000    0.28862670  0.00000000

     Dynamical  Matrix in cartesian axes

     q = (   -0.750000000  -0.750000000   0.250000000 ) 

    1    1
  0.28862670  0.00000000    0.00832135  0.00000000   -0.00807232 -0.00905176
  0.00832135  0.00000000    0.28862670  0.00000000   -0.00807232 -0.00905176
 -0.00807232  0.00905176   -0.00807232  0.00905176    0.34696307  0.00000000
    1    2
 -0.07265537 -0.07554717   -0.05050468  0.17102783   -0.05047116 -0.05379114
 -0.05050468  0.17102783   -0.07265537 -0.07554717   -0.05047116 -0.05379114
 -0.05047116 -0.05379114   -0.05047116 -0.05379114   -0.07190505 -0.09180139
    2    1
 -0.07265537  0.07554717   -0.05050468 -0.17102783   -0.05047116  0.05379114
 -0.05050468 -0.17102783   -0.07265537  0.07554717   -0.05047116  0.05379114
 -0.05047116  0.05379114   -0.05047116  0.05379114   -0.07190505  0.09180139
    2    2
  0.28862670  0.00000000    0.00832135  0.00000000   -0.00807232  0.00905176
  0.00832135  0.00000000    0.28862670  0.00000000   -0.00807232  0.00905176
 -0.00807232 -0.00905176   -0.00807232 -0.00905176    0.34696307  0.00000000

     Dynamical  Matrix in cartesian axes

     q = (    0.250000000   0.750000000   0.750000000 ) 

    1    1
  0.34696307  0.00000000    0.00807232 -0.00905176    0.00807232 -0.00905176
  0.00807232  0.00905176    0.28862670  0.00000000    0.00832135  0.00000000
  0.00807232  0.00905176    0.00832135  0.00000000    0.28862670  0.00000000
    1    2
  0.09180139 -0.07190505   -0.05379114  0.05047116   -0.05379114  0.05047116
 -0.05379114  0.05047116    0.07554717 -0.07265537   -0.17102783 -0.05050468
 -0.05379114  0.05047116   -0.17102783 -0.05050468    0.07554717 -0.07265537
    2    1
  0.09180139  0.07190505   -0.05379114 -0.05047116   -0.05379114 -0.05047116
 -0.05379114 -0.05047116    0.07554717  0.07265537   -0.17102783  0.05050468
 -0.05379114 -0.05047116   -0.17102783  0.05050468    0.07554717  0.07265537
    2    2
  0.34696307  0.00000000    0.00807232  0.00905176    0.00807232  0.00905176
  0.00807232 -0.00905176    0.28862670  0.00000000    0.00832135  0.00000000
  0.00807232 -0.00905176    0.00832135  0.00000000    0.28862670  0.00000000

     Dynamical  Matrix in cartesian axes

     q = (   -0.250000000  -0.750000000   0.750000000 ) 

    1    1
  0.34696307  0.00000000    0.00807232 -0.00905176   -0.00807232  0.00905176
  0.00807232  0.00905176    0.28862670  0.00000000   -0.00832135  0.00000000
 -0.00807232 -0.00905176   -0.00832135  0.00000000    0.28862670  0.00000000
    1    2
 -0.09180139  0.07190505    0.05379114 -0.05047116   -0.05379114  0.05047116
  0.05379114 -0.05047116   -0.07554717  0.07265537   -0.17102783 -0.05050468
 -0.05379114  0.05047116   -0.17102783 -0.05050468   -0.07554717  0.07265537
    2    1
 -0.09180139 -0.07190505    0.05379114  0.05047116   -0.05379114 -0.05047116
  0.05379114  0.05047116   -0.07554717 -0.07265537   -0.17102783  0.05050468
 -0.05379114 -0.05047116   -0.17102783  0.05050468   -0.07554717 -0.07265537
    2    2
  0.34696307  0.00000000    0.00807232  0.00905176   -0.00807232 -0.00905176
  0.00807232 -0.00905176    0.28862670  0.00000000   -0.00832135  0.00000000
 -0.00807232  0.00905176   -0.00832135  0.00000000    0.28862670  0.00000000

     Dynamical  Matrix in cartesian axes

     q = (    0.750000000   0.750000000   0.250000000 ) 

    1    1
  0.28862670  0.00000000    0.00832135  0.00000000    0.00807232  0.00905176
  0.00832135  0.00000000    0.28862670  0.00000000    0.00807232  0.00905176
  0.00807232 -0.00905176    0.00807232 -0.00905176    0.34696307  0.00000000
    1    2
  0.07554717 -0.07265537   -0.17102783 -0.05050468   -0.05379114  0.05047116
 -0.17102783 -0.05050468    0.07554717 -0.07265537   -0.05379114  0.05047116
 -0.05379114  0.05047116   -0.05379114  0.05047116    0.09180139 -0.07190505
    2    1
  0.07554717  0.07265537   -0.17102783  0.05050468   -0.05379114 -0.05047116
 -0.17102783  0.05050468    0.07554717  0.07265537   -0.05379114 -0.05047116
 -0.05379114 -0.05047116   -0.05379114 -0.05047116    0.09180139  0.07190505
    2    2
  0.28862670  0.00000000    0.00832135  0.00000000    0.00807232 -0.00905176
  0.00832135  0.00000000    0.28862670  0.00000000    0.00807232 -0.00905176
  0.00807232  0.00905176    0.00807232  0.00905176    0.34696307  0.00000000

     Dynamical  Matrix in cartesian axes

     q = (    0.250000000  -0.750000000  -0.750000000 ) 

    1    1
  0.34696307  0.00000000   -0.00807232  0.00905176   -0.00807232  0.00905176
 -0.00807232 -0.00905176    0.28862670  0.00000000    0.00832135  0.00000000
 -0.00807232 -0.00905176    0.00832135  0.00000000    0.28862670  0.00000000
    1    2
 -0.07190505 -0.09180139   -0.05047116 -0.05379114   -0.05047116 -0.05379114
 -0.05047116 -0.05379114   -0.07265537 -0.07554717   -0.05050468  0.17102783
 -0.05047116 -0.05379114   -0.05050468  0.17102783   -0.07265537 -0.07554717
    2    1
 -0.07190505  0.09180139   -0.05047116  0.05379114   -0.05047116  0.05379114
 -0.05047116  0.05379114   -0.07265537  0.07554717   -0.05050468 -0.17102783
 -0.05047116  0.05379114   -0.05050468 -0.17102783   -0.07265537  0.07554717
    2    2
  0.34696307  0.00000000   -0.00807232 -0.00905176   -0.00807232 -0.00905176
 -0.00807232  0.00905176    0.28862670  0.00000000    0.00832135  0.00000000
 -0.00807232  0.00905176    0.00832135  0.00000000    0.28862670  0.00000000

     Dynamical  Matrix in cartesian axes

     q = (    0.750000000  -0.750000000  -0.250000000 ) 

    1    1
  0.28862670  0.00000000   -0.00832135  0.00000000   -0.00807232 -0.00905176
 -0.00832135  0.00000000    0.28862670  0.00000000    0.00807232  0.00905176
 -0.00807232  0.00905176    0.00807232 -0.00905176    0.34696307  0.00000000
    1    2
 -0.07554717  0.07265537   -0.17102783 -0.05050468   -0.05379114  0.05047116
 -0.17102783 -0.05050468   -0.07554717  0.07265537    0.05379114 -0.05047116
 -0.05379114  0.05047116    0.05379114 -0.05047116   -0.09180139  0.07190505
    2    1
 -0.07554717 -0.07265537   -0.17102783  0.05050468   -0.05379114 -0.05047116
 -0.17102783  0.05050468   -0.07554717 -0.07265537    0.05379114  0.05047116
 -0.05379114 -0.05047116    0.05379114  0.05047116   -0.09180139 -0.07190505
    2    2
  0.28862670  0.00000000   -0.00832135  0.00000000   -0.00807232  0.00905176
 -0.00832135  0.00000000    0.28862670  0.00000000    0.00807232 -0.00905176
 -0.00807232 -0.00905176    0.00807232  0.00905176    0.34696307  0.00000000

     Diagonalizing the dynamical matrix

     q = (    0.750000000  -0.250000000   0.750000000 ) 

 **************************************************************************
     freq (    1) =       3.720380 [THz] =     124.098507 [cm-1]
 ( -0.044737  0.497995 -0.000000  0.000000  0.044737 -0.497995 ) 
 ( -0.500000  0.000000 -0.000000 -0.000000  0.500000  0.000000 ) 
     freq (    2) =       6.052715 [THz] =     201.896827 [cm-1]
 ( -0.386513 -0.174125 -0.343764  0.149674 -0.386513 -0.174125 ) 
 ( -0.423924  0.000000 -0.251949 -0.277665 -0.423924  0.000000 ) 
     freq (    3) =      10.040565 [THz] =     334.917195 [cm-1]
 ( -0.129854  0.280377 -0.360059 -0.423570 -0.129854  0.280377 ) 
 (  0.308987  0.000000 -0.233033 -0.504727  0.308987  0.000000 ) 
     freq (    4) =      13.187655 [THz] =     439.892831 [cm-1]
 ( -0.045720 -0.310827  0.399149  0.378514 -0.045720 -0.310827 ) 
 (  0.314171  0.000000 -0.432571 -0.339817  0.314171  0.000000 ) 
     freq (    5) =      14.939287 [THz] =     498.320987 [cm-1]
 ( -0.044737  0.497995  0.000000 -0.000000  0.044737 -0.497995 ) 
 (  0.500000  0.000000 -0.000000 -0.000000 -0.500000  0.000000 ) 
     freq (    6) =      15.268351 [THz] =     509.297373 [cm-1]
 (  0.307966  0.176829  0.450205 -0.212350  0.307966  0.176829 ) 
 ( -0.355122 -0.000000 -0.284686 -0.408327 -0.355122  0.000000 ) 
 **************************************************************************
