Dynamical matrix file
Ph                                                                         
  1    2  2 10.1000000  0.0000000  0.0000000  0.0000000  0.0000000  0.0000000
           1  'Si  '    25598.822984527003     
    1    1      0.0000000000      0.0000000000      0.0000000000
    2    1      0.2500000000      0.2500000000      0.2500000000

     Dynamical  Matrix in cartesian axes

     q = (   -0.250000000   0.250000000  -0.250000000 ) 

    1    1
  0.30076689 -0.00000000   -0.01351465  0.00000000    0.01351465 -0.00000000
 -0.01351465  0.00000000    0.30076689 -0.00000000   -0.01351465  0.00000000
  0.01351465 -0.00000000   -0.01351465  0.00000000    0.30076689 -0.00000000
    1    2
 -0.22460532 -0.06874572   -0.04439093  0.04596410    0.04439093 -0.04596410
 -0.04439093  0.04596410   -0.22460532 -0.06874572   -0.04439093  0.04596410
  0.04439093 -0.04596410   -0.04439093  0.04596410   -0.22460532 -0.06874572
    2    1
 -0.22460532  0.06874572   -0.04439093 -0.04596410    0.04439093  0.04596410
 -0.04439093 -0.04596410   -0.22460532  0.06874572   -0.04439093 -0.04596410
  0.04439093  0.04596410   -0.04439093 -0.04596410   -0.22460532  0.06874572
    2    2
  0.30076689  0.00000000   -0.01351465 -0.00000000    0.01351465  0.00000000
 -0.01351465 -0.00000000    0.30076689  0.00000000   -0.01351465 -0.00000000
  0.01351465  0.00000000   -0.01351465 -0.00000000    0.30076689  0.00000000

     Dynamical  Matrix in cartesian axes

     q = (    0.250000000  -0.250000000  -0.250000000 ) 

    1    1
  0.30076689 -0.00000000   -0.01351465  0.00000000   -0.01351465  0.00000000
 -0.01351465  0.00000000    0.30076689 -0.00000000    0.01351465 -0.00000000
 -0.01351465  0.00000000    0.01351465 -0.00000000    0.30076689 -0.00000000
    1    2
 -0.22460532 -0.06874572   -0.04439093  0.04596410   -0.04439093  0.04596410
 -0.04439093  0.04596410   -0.22460532 -0.06874572    0.04439093 -0.04596410
 -0.04439093  0.04596410    0.04439093 -0.04596410   -0.22460532 -0.06874572
    2    1
 -0.22460532  0.06874572   -0.04439093 -0.04596410   -0.04439093 -0.04596410
 -0.04439093 -0.04596410   -0.22460532  0.06874572    0.04439093  0.04596410
 -0.04439093 -0.04596410    0.04439093  0.04596410   -0.22460532  0.06874572
    2    2
  0.30076689  0.00000000   -0.01351465 -0.00000000   -0.01351465 -0.00000000
 -0.01351465 -0.00000000    0.30076689  0.00000000    0.01351465  0.00000000
 -0.01351465 -0.00000000    0.01351465  0.00000000    0.30076689  0.00000000

     Dynamical  Matrix in cartesian axes

     q = (    0.250000000  -0.250000000   0.250000000 ) 

    1    1
  0.30076689  0.00000000   -0.01351465 -0.00000000    0.01351465  0.00000000
 -0.01351465 -0.00000000    0.30076689  0.00000000   -0.01351465 -0.00000000
  0.01351465  0.00000000   -0.01351465 -0.00000000    0.30076689  0.00000000
    1    2
 -0.22460532  0.06874572   -0.04439093 -0.04596410    0.04439093  0.04596410
 -0.04439093 -0.04596410   -0.22460532  0.06874572   -0.04439093 -0.04596410
  0.04439093  0.04596410   -0.04439093 -0.04596410   -0.22460532  0.06874572
    2    1
 -0.22460532 -0.06874572   -0.04439093  0.04596410    0.04439093 -0.04596410
 -0.04439093  0.04596410   -0.22460532 -0.06874572   -0.04439093  0.04596410
  0.04439093 -0.04596410   -0.04439093  0.04596410   -0.22460532 -0.06874572
    2    2
  0.30076689 -0.00000000   -0.01351465  0.00000000    0.01351465 -0.00000000
 -0.01351465  0.00000000    0.30076689 -0.00000000   -0.01351465  0.00000000
  0.01351465 -0.00000000   -0.01351465  0.00000000    0.30076689 -0.00000000

     Dynamical  Matrix in cartesian axes

     q = (    0.250000000   0.250000000   0.250000000 ) 

    1    1
  0.30076689 -0.00000000    0.01351465 -0.00000000    0.01351465 -0.00000000
  0.01351465 -0.00000000    0.30076689 -0.00000000    0.01351465 -0.00000000
  0.01351465 -0.00000000    0.01351465 -0.00000000    0.30076689 -0.00000000
    1    2
 -0.06874572  0.22460532   -0.04596410 -0.04439093   -0.04596410 -0.04439093
 -0.04596410 -0.04439093   -0.06874572  0.22460532   -0.04596410 -0.04439093
 -0.04596410 -0.04439093   -0.04596410 -0.04439093   -0.06874572  0.22460532
    2    1
 -0.06874572 -0.22460532   -0.04596410  0.04439093   -0.04596410  0.04439093
 -0.04596410  0.04439093   -0.06874572 -0.22460532   -0.04596410  0.04439093
 -0.04596410  0.04439093   -0.04596410  0.04439093   -0.06874572 -0.22460532
    2    2
  0.30076689  0.00000000    0.01351465  0.00000000    0.01351465  0.00000000
  0.01351465  0.00000000    0.30076689  0.00000000    0.01351465  0.00000000
  0.01351465  0.00000000    0.01351465  0.00000000    0.30076689  0.00000000

     Dynamical  Matrix in cartesian axes

     q = (   -0.250000000  -0.250000000  -0.250000000 ) 

    1    1
  0.30076689 -0.00000000    0.01351465  0.00000000    0.01351465  0.00000000
  0.01351465  0.00000000    0.30076689  0.00000000    0.01351465  0.00000000
  0.01351465 -0.00000000    0.01351465  0.00000000    0.30076689  0.00000000
    1    2
 -0.06874572 -0.22460532   -0.04596410  0.04439093   -0.04596410  0.04439093
 -0.04596410  0.04439093   -0.06874572 -0.22460532   -0.04596410  0.04439093
 -0.04596410  0.04439093   -0.04596410  0.04439093   -0.06874572 -0.22460532
    2    1
 -0.06874572  0.22460532   -0.04596410 -0.04439093   -0.04596410 -0.04439093
 -0.04596410 -0.04439093   -0.06874572  0.22460532   -0.04596410 -0.04439093
 -0.04596410 -0.04439093   -0.04596410 -0.04439093   -0.06874572  0.22460532
    2    2
  0.30076689 -0.00000000    0.01351465 -0.00000000    0.01351465 -0.00000000
  0.01351465 -0.00000000    0.30076689 -0.00000000    0.01351465 -0.00000000
  0.01351465 -0.00000000    0.01351465 -0.00000000    0.30076689 -0.00000000

     Dynamical  Matrix in cartesian axes

     q = (   -0.250000000  -0.250000000   0.250000000 ) 

    1    1
  0.30076689 -0.00000000    0.01351465 -0.00000000   -0.01351465  0.00000000
  0.01351465 -0.00000000    0.30076689 -0.00000000   -0.01351465  0.00000000
 -0.01351465  0.00000000   -0.01351465  0.00000000    0.30076689 -0.00000000
    1    2
 -0.22460532 -0.06874572    0.04439093 -0.04596410   -0.04439093  0.04596410
  0.04439093 -0.04596410   -0.22460532 -0.06874572   -0.04439093  0.04596410
 -0.04439093  0.04596410   -0.04439093  0.04596410   -0.22460532 -0.06874572
    2    1
 -0.22460532  0.06874572    0.04439093  0.04596410   -0.04439093 -0.04596410
  0.04439093  0.04596410   -0.22460532  0.06874572   -0.04439093 -0.04596410
 -0.04439093 -0.04596410   -0.04439093 -0.04596410   -0.22460532  0.06874572
    2    2
  0.30076689  0.00000000    0.01351465  0.00000000   -0.01351465 -0.00000000
  0.01351465  0.00000000    0.30076689  0.00000000   -0.01351465 -0.00000000
 -0.01351465 -0.00000000   -0.01351465 -0.00000000    0.30076689  0.00000000

     Dynamical  Matrix in cartesian axes

     q = (   -0.250000000   0.250000000   0.250000000 ) 

    1    1
  0.30076689  0.00000000   -0.01351465 -0.00000000   -0.01351465  0.00000000
 -0.01351465 -0.00000000    0.30076689  0.00000000    0.01351465  0.00000000
 -0.01351465 -0.00000000    0.01351465  0.00000000    0.30076689  0.00000000
    1    2
 -0.22460532  0.06874572   -0.04439093 -0.04596410   -0.04439093 -0.04596410
 -0.04439093 -0.04596410   -0.22460532  0.06874572    0.04439093  0.04596410
 -0.04439093 -0.04596410    0.04439093  0.04596410   -0.22460532  0.06874572
    2    1
 -0.22460532 -0.06874572   -0.04439093  0.04596410   -0.04439093  0.04596410
 -0.04439093  0.04596410   -0.22460532 -0.06874572    0.04439093 -0.04596410
 -0.04439093  0.04596410    0.04439093 -0.04596410   -0.22460532 -0.06874572
    2    2
  0.30076689 -0.00000000   -0.01351465  0.00000000   -0.01351465  0.00000000
 -0.01351465  0.00000000    0.30076689 -0.00000000    0.01351465 -0.00000000
 -0.01351465  0.00000000    0.01351465 -0.00000000    0.30076689 -0.00000000

     Dynamical  Matrix in cartesian axes

     q = (    0.250000000   0.250000000  -0.250000000 ) 

    1    1
  0.30076689  0.00000000    0.01351465  0.00000000   -0.01351465 -0.00000000
  0.01351465  0.00000000    0.30076689  0.00000000   -0.01351465 -0.00000000
 -0.01351465 -0.00000000   -0.01351465 -0.00000000    0.30076689  0.00000000
    1    2
 -0.22460532  0.06874572    0.04439093  0.04596410   -0.04439093 -0.04596410
  0.04439093  0.04596410   -0.22460532  0.06874572   -0.04439093 -0.04596410
 -0.04439093 -0.04596410   -0.04439093 -0.04596410   -0.22460532  0.06874572
    2    1
 -0.22460532 -0.06874572    0.04439093 -0.04596410   -0.04439093  0.04596410
  0.04439093 -0.04596410   -0.22460532 -0.06874572   -0.04439093  0.04596410
 -0.04439093  0.04596410   -0.04439093  0.04596410   -0.22460532 -0.06874572
    2    2
  0.30076689 -0.00000000    0.01351465 -0.00000000   -0.01351465  0.00000000
  0.01351465 -0.00000000    0.30076689 -0.00000000   -0.01351465  0.00000000
 -0.01351465  0.00000000   -0.01351465  0.00000000    0.30076689 -0.00000000

     Diagonalizing the dynamical matrix

     q = (   -0.250000000   0.250000000  -0.250000000 ) 

 **************************************************************************
     freq (    1) =       2.703961 [THz] =      90.194425 [cm-1]
 ( -0.551443  0.010916 -0.422608  0.021828  0.128836  0.010911 ) 
 ( -0.548555  0.057413 -0.419258  0.057413  0.129297  0.000000 ) 
     freq (    2) =       2.703961 [THz] =      90.194425 [cm-1]
 ( -0.168428 -0.027504  0.392251  0.019980  0.560679  0.047485 ) 
 ( -0.170149 -0.013193  0.392538 -0.013193  0.562686  0.000000 ) 
     freq (    3) =       7.045467 [THz] =     235.011473 [cm-1]
 ( -0.263556 -0.311777  0.263556  0.311777 -0.263556 -0.311777 ) 
 ( -0.408248 -0.000000  0.408248 -0.000000 -0.408248  0.000000 ) 
     freq (    4) =      15.084519 [THz] =     503.165398 [cm-1]
 ( -0.263556 -0.311777  0.263556  0.311777 -0.263556 -0.311777 ) 
 (  0.408248  0.000000 -0.408248 -0.000000  0.408248  0.000000 ) 
     freq (    5) =      15.348822 [THz] =     511.981605 [cm-1]
 ( -0.000048  0.498739  0.020104  0.500446  0.020152  0.001707 ) 
 ( -0.042040 -0.496964 -0.062264 -0.496964 -0.020224  0.000000 ) 
     freq (    6) =      15.348822 [THz] =     511.981605 [cm-1]
 (  0.287820  0.041857 -0.287117 -0.006835 -0.574938 -0.048692 ) 
 ( -0.290326 -0.017419  0.286670 -0.017419  0.576996  0.000000 ) 
 **************************************************************************
