Dynamical matrix file
Ph                                                                         
  1    2   2  10.1000000   0.0000000   0.0000000   0.0000000   0.0000000   0.0000000
           1  'Si  '    25598.823011949724     
    1    1      0.0000000000      0.0000000000      0.0000000000
    2    1      0.2500000000      0.2500000000      0.2500000000

     Dynamical  Matrix in cartesian axes

     q = (   -0.250000000   0.250000000  -0.250000000 ) 

    1    1
  0.30076700   0.00000000    -0.01351466   0.00000000     0.01351466   0.00000000
 -0.01351466   0.00000000     0.30076700   0.00000000    -0.01351466   0.00000000
  0.01351466   0.00000000    -0.01351466   0.00000000     0.30076700   0.00000000
    1    2
 -0.22460520  -0.06874529    -0.04439106   0.04596367     0.04439106  -0.04596367
 -0.04439106   0.04596367    -0.22460520  -0.06874529    -0.04439106   0.04596367
  0.04439106  -0.04596367    -0.04439106   0.04596367    -0.22460520  -0.06874529
    2    1
 -0.22460520   0.06874529    -0.04439106  -0.04596367     0.04439106   0.04596367
 -0.04439106  -0.04596367    -0.22460520   0.06874529    -0.04439106  -0.04596367
  0.04439106   0.04596367    -0.04439106  -0.04596367    -0.22460520   0.06874529
    2    2
  0.30076700   0.00000000    -0.01351466   0.00000000     0.01351466   0.00000000
 -0.01351466   0.00000000     0.30076700   0.00000000    -0.01351466   0.00000000
  0.01351466   0.00000000    -0.01351466   0.00000000     0.30076700   0.00000000

     Dynamical  Matrix in cartesian axes

     q = (    0.250000000  -0.250000000  -0.250000000 ) 

    1    1
  0.30076700   0.00000000    -0.01351466   0.00000000    -0.01351466   0.00000000
 -0.01351466   0.00000000     0.30076700   0.00000000     0.01351466   0.00000000
 -0.01351466   0.00000000     0.01351466   0.00000000     0.30076700   0.00000000
    1    2
 -0.22460520  -0.06874529    -0.04439106   0.04596367    -0.04439106   0.04596367
 -0.04439106   0.04596367    -0.22460520  -0.06874529     0.04439106  -0.04596367
 -0.04439106   0.04596367     0.04439106  -0.04596367    -0.22460520  -0.06874529
    2    1
 -0.22460520   0.06874529    -0.04439106  -0.04596367    -0.04439106  -0.04596367
 -0.04439106  -0.04596367    -0.22460520   0.06874529     0.04439106   0.04596367
 -0.04439106  -0.04596367     0.04439106   0.04596367    -0.22460520   0.06874529
    2    2
  0.30076700   0.00000000    -0.01351466   0.00000000    -0.01351466   0.00000000
 -0.01351466   0.00000000     0.30076700   0.00000000     0.01351466   0.00000000
 -0.01351466   0.00000000     0.01351466   0.00000000     0.30076700   0.00000000

     Dynamical  Matrix in cartesian axes

     q = (    0.250000000  -0.250000000   0.250000000 ) 

    1    1
  0.30076700   0.00000000    -0.01351466   0.00000000     0.01351466   0.00000000
 -0.01351466   0.00000000     0.30076700   0.00000000    -0.01351466   0.00000000
  0.01351466   0.00000000    -0.01351466   0.00000000     0.30076700   0.00000000
    1    2
 -0.22460520   0.06874529    -0.04439106  -0.04596367     0.04439106   0.04596367
 -0.04439106  -0.04596367    -0.22460520   0.06874529    -0.04439106  -0.04596367
  0.04439106   0.04596367    -0.04439106  -0.04596367    -0.22460520   0.06874529
    2    1
 -0.22460520  -0.06874529    -0.04439106   0.04596367     0.04439106  -0.04596367
 -0.04439106   0.04596367    -0.22460520  -0.06874529    -0.04439106   0.04596367
  0.04439106  -0.04596367    -0.04439106   0.04596367    -0.22460520  -0.06874529
    2    2
  0.30076700   0.00000000    -0.01351466   0.00000000     0.01351466   0.00000000
 -0.01351466   0.00000000     0.30076700   0.00000000    -0.01351466   0.00000000
  0.01351466   0.00000000    -0.01351466   0.00000000     0.30076700   0.00000000

     Dynamical  Matrix in cartesian axes

     q = (    0.250000000   0.250000000   0.250000000 ) 

    1    1
  0.30076700   0.00000000     0.01351466   0.00000000     0.01351466   0.00000000
  0.01351466   0.00000000     0.30076700   0.00000000     0.01351466   0.00000000
  0.01351466   0.00000000     0.01351466   0.00000000     0.30076700   0.00000000
    1    2
 -0.06874529   0.22460520    -0.04596367  -0.04439106    -0.04596367  -0.04439106
 -0.04596367  -0.04439106    -0.06874529   0.22460520    -0.04596367  -0.04439106
 -0.04596367  -0.04439106    -0.04596367  -0.04439106    -0.06874529   0.22460520
    2    1
 -0.06874529  -0.22460520    -0.04596367   0.04439106    -0.04596367   0.04439106
 -0.04596367   0.04439106    -0.06874529  -0.22460520    -0.04596367   0.04439106
 -0.04596367   0.04439106    -0.04596367   0.04439106    -0.06874529  -0.22460520
    2    2
  0.30076700   0.00000000     0.01351466   0.00000000     0.01351466   0.00000000
  0.01351466   0.00000000     0.30076700   0.00000000     0.01351466   0.00000000
  0.01351466   0.00000000     0.01351466   0.00000000     0.30076700   0.00000000

     Dynamical  Matrix in cartesian axes

     q = (   -0.250000000  -0.250000000  -0.250000000 ) 

    1    1
  0.30076700   0.00000000     0.01351466   0.00000000     0.01351466   0.00000000
  0.01351466   0.00000000     0.30076700   0.00000000     0.01351466   0.00000000
  0.01351466   0.00000000     0.01351466   0.00000000     0.30076700   0.00000000
    1    2
 -0.06874529  -0.22460520    -0.04596367   0.04439106    -0.04596367   0.04439106
 -0.04596367   0.04439106    -0.06874529  -0.22460520    -0.04596367   0.04439106
 -0.04596367   0.04439106    -0.04596367   0.04439106    -0.06874529  -0.22460520
    2    1
 -0.06874529   0.22460520    -0.04596367  -0.04439106    -0.04596367  -0.04439106
 -0.04596367  -0.04439106    -0.06874529   0.22460520    -0.04596367  -0.04439106
 -0.04596367  -0.04439106    -0.04596367  -0.04439106    -0.06874529   0.22460520
    2    2
  0.30076700   0.00000000     0.01351466   0.00000000     0.01351466   0.00000000
  0.01351466   0.00000000     0.30076700   0.00000000     0.01351466   0.00000000
  0.01351466   0.00000000     0.01351466   0.00000000     0.30076700   0.00000000

     Dynamical  Matrix in cartesian axes

     q = (   -0.250000000  -0.250000000   0.250000000 ) 

    1    1
  0.30076700   0.00000000     0.01351466   0.00000000    -0.01351466   0.00000000
  0.01351466   0.00000000     0.30076700   0.00000000    -0.01351466   0.00000000
 -0.01351466   0.00000000    -0.01351466   0.00000000     0.30076700   0.00000000
    1    2
 -0.22460520  -0.06874529     0.04439106  -0.04596367    -0.04439106   0.04596367
  0.04439106  -0.04596367    -0.22460520  -0.06874529    -0.04439106   0.04596367
 -0.04439106   0.04596367    -0.04439106   0.04596367    -0.22460520  -0.06874529
    2    1
 -0.22460520   0.06874529     0.04439106   0.04596367    -0.04439106  -0.04596367
  0.04439106   0.04596367    -0.22460520   0.06874529    -0.04439106  -0.04596367
 -0.04439106  -0.04596367    -0.04439106  -0.04596367    -0.22460520   0.06874529
    2    2
  0.30076700   0.00000000     0.01351466   0.00000000    -0.01351466   0.00000000
  0.01351466   0.00000000     0.30076700   0.00000000    -0.01351466   0.00000000
 -0.01351466   0.00000000    -0.01351466   0.00000000     0.30076700   0.00000000

     Dynamical  Matrix in cartesian axes

     q = (   -0.250000000   0.250000000   0.250000000 ) 

    1    1
  0.30076700   0.00000000    -0.01351466   0.00000000    -0.01351466   0.00000000
 -0.01351466   0.00000000     0.30076700   0.00000000     0.01351466   0.00000000
 -0.01351466   0.00000000     0.01351466   0.00000000     0.30076700   0.00000000
    1    2
 -0.22460520   0.06874529    -0.04439106  -0.04596367    -0.04439106  -0.04596367
 -0.04439106  -0.04596367    -0.22460520   0.06874529     0.04439106   0.04596367
 -0.04439106  -0.04596367     0.04439106   0.04596367    -0.22460520   0.06874529
    2    1
 -0.22460520  -0.06874529    -0.04439106   0.04596367    -0.04439106   0.04596367
 -0.04439106   0.04596367    -0.22460520  -0.06874529     0.04439106  -0.04596367
 -0.04439106   0.04596367     0.04439106  -0.04596367    -0.22460520  -0.06874529
    2    2
  0.30076700   0.00000000    -0.01351466   0.00000000    -0.01351466   0.00000000
 -0.01351466   0.00000000     0.30076700   0.00000000     0.01351466   0.00000000
 -0.01351466   0.00000000     0.01351466   0.00000000     0.30076700   0.00000000

     Dynamical  Matrix in cartesian axes

     q = (    0.250000000   0.250000000  -0.250000000 ) 

    1    1
  0.30076700   0.00000000     0.01351466   0.00000000    -0.01351466   0.00000000
  0.01351466   0.00000000     0.30076700   0.00000000    -0.01351466   0.00000000
 -0.01351466   0.00000000    -0.01351466   0.00000000     0.30076700   0.00000000
    1    2
 -0.22460520   0.06874529     0.04439106   0.04596367    -0.04439106  -0.04596367
  0.04439106   0.04596367    -0.22460520   0.06874529    -0.04439106  -0.04596367
 -0.04439106  -0.04596367    -0.04439106  -0.04596367    -0.22460520   0.06874529
    2    1
 -0.22460520  -0.06874529     0.04439106  -0.04596367    -0.04439106   0.04596367
  0.04439106  -0.04596367    -0.22460520  -0.06874529    -0.04439106   0.04596367
 -0.04439106   0.04596367    -0.04439106   0.04596367    -0.22460520  -0.06874529
    2    2
  0.30076700   0.00000000     0.01351466   0.00000000    -0.01351466   0.00000000
  0.01351466   0.00000000     0.30076700   0.00000000    -0.01351466   0.00000000
 -0.01351466   0.00000000    -0.01351466   0.00000000     0.30076700   0.00000000

     Diagonalizing the dynamical matrix

     q = (   -0.250000000   0.250000000  -0.250000000 ) 

 **************************************************************************
     freq (    1) =       2.703968 [THz] =      90.194655 [cm-1]
 ( -0.562682 -0.100991 -0.343567 -0.082433  0.219116  0.018557 ) 
 ( -0.569198 -0.053146 -0.349298 -0.053146  0.219900  0.000000 ) 
     freq (    2) =       2.703968 [THz] =      90.194655 [cm-1]
 ( -0.079310  0.015254  0.452618  0.060303  0.531928  0.045050 ) 
 ( -0.077740  0.021892  0.456093  0.021892  0.533833  0.000000 ) 
     freq (    3) =       7.045509 [THz] =     235.012868 [cm-1]
 ( -0.263557 -0.311776  0.263557  0.311776 -0.263557 -0.311776 ) 
 ( -0.408248 -0.000000  0.408248  0.000000 -0.408248  0.000000 ) 
     freq (    4) =      15.084504 [THz] =     503.164891 [cm-1]
 ( -0.263557 -0.311776  0.263557  0.311776 -0.263557 -0.311776 ) 
 (  0.408248 -0.000000 -0.408248 -0.000000  0.408248  0.000000 ) 
     freq (    5) =      15.348824 [THz] =     511.981654 [cm-1]
 (  0.204281 -0.027728 -0.360802 -0.075585 -0.565083 -0.047858 ) 
 ( -0.201213  0.044868  0.365893  0.044868  0.567106  0.000000 ) 
     freq (    6) =      15.348824 [THz] =     511.981654 [cm-1]
 ( -0.463835 -0.275120 -0.355944 -0.265982  0.107891  0.009137 ) 
 (  0.485397  0.234996  0.377120  0.234996 -0.108278  0.000000 ) 
 **************************************************************************
