Dynamical matrix file
Ph                                                                         
  1    2   2  10.1000000   0.0000000   0.0000000   0.0000000   0.0000000   0.0000000
           1  'Si  '    25598.823011949724     
    1    1      0.0000000000      0.0000000000      0.0000000000
    2    1      0.2500000000      0.2500000000      0.2500000000

     Dynamical  Matrix in cartesian axes

     q = (    0.750000000  -0.250000000   0.750000000 ) 

    1    1
  0.27011850   0.00000000    -0.00749770   0.00874914     0.00768528   0.00000000
 -0.00749770  -0.00874914     0.32663607   0.00000000    -0.00749770  -0.00874914
  0.00768528   0.00000000    -0.00749770   0.00874914     0.27011850   0.00000000
    1    2
 -0.06827764   0.07088717    -0.04505888   0.04805233    -0.04496005  -0.15298754
 -0.04505888   0.04805233    -0.06763182   0.08722149    -0.04505888   0.04805233
 -0.04496005  -0.15298754    -0.04505888   0.04805233    -0.06827764   0.07088717
    2    1
 -0.06827764  -0.07088717    -0.04505888  -0.04805233    -0.04496005   0.15298754
 -0.04505888  -0.04805233    -0.06763182  -0.08722149    -0.04505888  -0.04805233
 -0.04496005   0.15298754    -0.04505888  -0.04805233    -0.06827764  -0.07088717
    2    2
  0.27011850   0.00000000    -0.00749770  -0.00874914     0.00768528   0.00000000
 -0.00749770   0.00874914     0.32663607   0.00000000    -0.00749770   0.00874914
  0.00768528   0.00000000    -0.00749770  -0.00874914     0.27011850   0.00000000

     Dynamical  Matrix in cartesian axes

     q = (    0.750000000  -0.250000000  -0.750000000 ) 

    1    1
  0.27011850   0.00000000    -0.00749770  -0.00874914    -0.00768528   0.00000000
 -0.00749770   0.00874914     0.32663607   0.00000000     0.00749770  -0.00874914
 -0.00768528   0.00000000     0.00749770   0.00874914     0.27011850   0.00000000
    1    2
 -0.07088717   0.06827764    -0.04805233   0.04505888    -0.15298754  -0.04496005
 -0.04805233   0.04505888    -0.08722149   0.06763182     0.04805233  -0.04505888
 -0.15298754  -0.04496005     0.04805233  -0.04505888    -0.07088717   0.06827764
    2    1
 -0.07088717  -0.06827764    -0.04805233  -0.04505888    -0.15298754   0.04496005
 -0.04805233  -0.04505888    -0.08722149  -0.06763182     0.04805233   0.04505888
 -0.15298754   0.04496005     0.04805233   0.04505888    -0.07088717  -0.06827764
    2    2
  0.27011850   0.00000000    -0.00749770   0.00874914    -0.00768528   0.00000000
 -0.00749770  -0.00874914     0.32663607   0.00000000     0.00749770   0.00874914
 -0.00768528   0.00000000     0.00749770  -0.00874914     0.27011850   0.00000000

     Dynamical  Matrix in cartesian axes

     q = (   -0.750000000  -0.250000000  -0.750000000 ) 

    1    1
  0.27011850   0.00000000     0.00749770  -0.00874914     0.00768528   0.00000000
  0.00749770   0.00874914     0.32663607   0.00000000     0.00749770   0.00874914
  0.00768528   0.00000000     0.00749770  -0.00874914     0.27011850   0.00000000
    1    2
  0.07088717   0.06827764    -0.04805233  -0.04505888    -0.15298754   0.04496005
 -0.04805233  -0.04505888     0.08722149   0.06763182    -0.04805233  -0.04505888
 -0.15298754   0.04496005    -0.04805233  -0.04505888     0.07088717   0.06827764
    2    1
  0.07088717  -0.06827764    -0.04805233   0.04505888    -0.15298754  -0.04496005
 -0.04805233   0.04505888     0.08722149  -0.06763182    -0.04805233   0.04505888
 -0.15298754  -0.04496005    -0.04805233   0.04505888     0.07088717  -0.06827764
    2    2
  0.27011850   0.00000000     0.00749770   0.00874914     0.00768528   0.00000000
  0.00749770  -0.00874914     0.32663607   0.00000000     0.00749770  -0.00874914
  0.00768528   0.00000000     0.00749770   0.00874914     0.27011850   0.00000000

     Dynamical  Matrix in cartesian axes

     q = (   -0.750000000  -0.250000000   0.750000000 ) 

    1    1
  0.27011850   0.00000000     0.00749770   0.00874914    -0.00768528   0.00000000
  0.00749770  -0.00874914     0.32663607   0.00000000    -0.00749770   0.00874914
 -0.00768528   0.00000000    -0.00749770  -0.00874914     0.27011850   0.00000000
    1    2
 -0.07088717   0.06827764     0.04805233  -0.04505888    -0.15298754  -0.04496005
  0.04805233  -0.04505888    -0.08722149   0.06763182    -0.04805233   0.04505888
 -0.15298754  -0.04496005    -0.04805233   0.04505888    -0.07088717   0.06827764
    2    1
 -0.07088717  -0.06827764     0.04805233   0.04505888    -0.15298754   0.04496005
  0.04805233   0.04505888    -0.08722149  -0.06763182    -0.04805233  -0.04505888
 -0.15298754   0.04496005    -0.04805233  -0.04505888    -0.07088717  -0.06827764
    2    2
  0.27011850   0.00000000     0.00749770  -0.00874914    -0.00768528   0.00000000
  0.00749770   0.00874914     0.32663607   0.00000000    -0.00749770  -0.00874914
 -0.00768528   0.00000000    -0.00749770   0.00874914     0.27011850   0.00000000

     Dynamical  Matrix in cartesian axes

     q = (   -0.750000000   0.250000000  -0.750000000 ) 

    1    1
  0.27011850   0.00000000    -0.00749770  -0.00874914     0.00768528   0.00000000
 -0.00749770   0.00874914     0.32663607   0.00000000    -0.00749770   0.00874914
  0.00768528   0.00000000    -0.00749770  -0.00874914     0.27011850   0.00000000
    1    2
 -0.06827764  -0.07088717    -0.04505888  -0.04805233    -0.04496005   0.15298754
 -0.04505888  -0.04805233    -0.06763182  -0.08722149    -0.04505888  -0.04805233
 -0.04496005   0.15298754    -0.04505888  -0.04805233    -0.06827764  -0.07088717
    2    1
 -0.06827764   0.07088717    -0.04505888   0.04805233    -0.04496005  -0.15298754
 -0.04505888   0.04805233    -0.06763182   0.08722149    -0.04505888   0.04805233
 -0.04496005  -0.15298754    -0.04505888   0.04805233    -0.06827764   0.07088717
    2    2
  0.27011850   0.00000000    -0.00749770   0.00874914     0.00768528   0.00000000
 -0.00749770  -0.00874914     0.32663607   0.00000000    -0.00749770  -0.00874914
  0.00768528   0.00000000    -0.00749770   0.00874914     0.27011850   0.00000000

     Dynamical  Matrix in cartesian axes

     q = (   -0.250000000   0.750000000  -0.750000000 ) 

    1    1
  0.32663607   0.00000000    -0.00749770   0.00874914     0.00749770  -0.00874914
 -0.00749770  -0.00874914     0.27011850   0.00000000    -0.00768528   0.00000000
  0.00749770   0.00874914    -0.00768528   0.00000000     0.27011850   0.00000000
    1    2
 -0.08722149   0.06763182    -0.04805233   0.04505888     0.04805233  -0.04505888
 -0.04805233   0.04505888    -0.07088717   0.06827764    -0.15298754  -0.04496005
  0.04805233  -0.04505888    -0.15298754  -0.04496005    -0.07088717   0.06827764
    2    1
 -0.08722149  -0.06763182    -0.04805233  -0.04505888     0.04805233   0.04505888
 -0.04805233  -0.04505888    -0.07088717  -0.06827764    -0.15298754   0.04496005
  0.04805233   0.04505888    -0.15298754   0.04496005    -0.07088717  -0.06827764
    2    2
  0.32663607   0.00000000    -0.00749770  -0.00874914     0.00749770   0.00874914
 -0.00749770   0.00874914     0.27011850   0.00000000    -0.00768528   0.00000000
  0.00749770  -0.00874914    -0.00768528   0.00000000     0.27011850   0.00000000

     Dynamical  Matrix in cartesian axes

     q = (   -0.750000000   0.750000000  -0.250000000 ) 

    1    1
  0.27011850   0.00000000    -0.00768528   0.00000000     0.00749770   0.00874914
 -0.00768528   0.00000000     0.27011850   0.00000000    -0.00749770  -0.00874914
  0.00749770  -0.00874914    -0.00749770   0.00874914     0.32663607   0.00000000
    1    2
 -0.07088717   0.06827764    -0.15298754  -0.04496005     0.04805233  -0.04505888
 -0.15298754  -0.04496005    -0.07088717   0.06827764    -0.04805233   0.04505888
  0.04805233  -0.04505888    -0.04805233   0.04505888    -0.08722149   0.06763182
    2    1
 -0.07088717  -0.06827764    -0.15298754   0.04496005     0.04805233   0.04505888
 -0.15298754   0.04496005    -0.07088717  -0.06827764    -0.04805233  -0.04505888
  0.04805233   0.04505888    -0.04805233  -0.04505888    -0.08722149  -0.06763182
    2    2
  0.27011850   0.00000000    -0.00768528   0.00000000     0.00749770  -0.00874914
 -0.00768528   0.00000000     0.27011850   0.00000000    -0.00749770   0.00874914
  0.00749770   0.00874914    -0.00749770  -0.00874914     0.32663607   0.00000000

     Dynamical  Matrix in cartesian axes

     q = (    0.750000000   0.250000000   0.750000000 ) 

    1    1
  0.27011850   0.00000000     0.00749770   0.00874914     0.00768528   0.00000000
  0.00749770  -0.00874914     0.32663607   0.00000000     0.00749770  -0.00874914
  0.00768528   0.00000000     0.00749770   0.00874914     0.27011850   0.00000000
    1    2
  0.07088717  -0.06827764    -0.04805233   0.04505888    -0.15298754  -0.04496005
 -0.04805233   0.04505888     0.08722149  -0.06763182    -0.04805233   0.04505888
 -0.15298754  -0.04496005    -0.04805233   0.04505888     0.07088717  -0.06827764
    2    1
  0.07088717   0.06827764    -0.04805233  -0.04505888    -0.15298754   0.04496005
 -0.04805233  -0.04505888     0.08722149   0.06763182    -0.04805233  -0.04505888
 -0.15298754   0.04496005    -0.04805233  -0.04505888     0.07088717   0.06827764
    2    2
  0.27011850   0.00000000     0.00749770  -0.00874914     0.00768528   0.00000000
  0.00749770   0.00874914     0.32663607   0.00000000     0.00749770   0.00874914
  0.00768528   0.00000000     0.00749770  -0.00874914     0.27011850   0.00000000

     Dynamical  Matrix in cartesian axes

     q = (   -0.750000000   0.250000000   0.750000000 ) 

    1    1
  0.27011850   0.00000000    -0.00749770   0.00874914    -0.00768528   0.00000000
 -0.00749770  -0.00874914     0.32663607   0.00000000     0.00749770   0.00874914
 -0.00768528   0.00000000     0.00749770  -0.00874914     0.27011850   0.00000000
    1    2
 -0.07088717  -0.06827764    -0.04805233  -0.04505888    -0.15298754   0.04496005
 -0.04805233  -0.04505888    -0.08722149  -0.06763182     0.04805233   0.04505888
 -0.15298754   0.04496005     0.04805233   0.04505888    -0.07088717  -0.06827764
    2    1
 -0.07088717   0.06827764    -0.04805233   0.04505888    -0.15298754  -0.04496005
 -0.04805233   0.04505888    -0.08722149   0.06763182     0.04805233  -0.04505888
 -0.15298754  -0.04496005     0.04805233  -0.04505888    -0.07088717   0.06827764
    2    2
  0.27011850   0.00000000    -0.00749770  -0.00874914    -0.00768528   0.00000000
 -0.00749770   0.00874914     0.32663607   0.00000000     0.00749770  -0.00874914
 -0.00768528   0.00000000     0.00749770   0.00874914     0.27011850   0.00000000

     Dynamical  Matrix in cartesian axes

     q = (    0.750000000   0.250000000  -0.750000000 ) 

    1    1
  0.27011850   0.00000000     0.00749770  -0.00874914    -0.00768528   0.00000000
  0.00749770   0.00874914     0.32663607   0.00000000    -0.00749770  -0.00874914
 -0.00768528   0.00000000    -0.00749770   0.00874914     0.27011850   0.00000000
    1    2
 -0.07088717  -0.06827764     0.04805233   0.04505888    -0.15298754   0.04496005
  0.04805233   0.04505888    -0.08722149  -0.06763182    -0.04805233  -0.04505888
 -0.15298754   0.04496005    -0.04805233  -0.04505888    -0.07088717  -0.06827764
    2    1
 -0.07088717   0.06827764     0.04805233  -0.04505888    -0.15298754  -0.04496005
  0.04805233  -0.04505888    -0.08722149   0.06763182    -0.04805233   0.04505888
 -0.15298754  -0.04496005    -0.04805233   0.04505888    -0.07088717   0.06827764
    2    2
  0.27011850   0.00000000     0.00749770   0.00874914    -0.00768528   0.00000000
  0.00749770  -0.00874914     0.32663607   0.00000000    -0.00749770   0.00874914
 -0.00768528   0.00000000    -0.00749770  -0.00874914     0.27011850   0.00000000

     Dynamical  Matrix in cartesian axes

     q = (   -0.750000000   0.750000000   0.250000000 ) 

    1    1
  0.27011850   0.00000000    -0.00768528   0.00000000    -0.00749770   0.00874914
 -0.00768528   0.00000000     0.27011850   0.00000000     0.00749770  -0.00874914
 -0.00749770  -0.00874914     0.00749770   0.00874914     0.32663607   0.00000000
    1    2
 -0.07088717  -0.06827764    -0.15298754   0.04496005    -0.04805233  -0.04505888
 -0.15298754   0.04496005    -0.07088717  -0.06827764     0.04805233   0.04505888
 -0.04805233  -0.04505888     0.04805233   0.04505888    -0.08722149  -0.06763182
    2    1
 -0.07088717   0.06827764    -0.15298754  -0.04496005    -0.04805233   0.04505888
 -0.15298754  -0.04496005    -0.07088717   0.06827764     0.04805233  -0.04505888
 -0.04805233   0.04505888     0.04805233  -0.04505888    -0.08722149   0.06763182
    2    2
  0.27011850   0.00000000    -0.00768528   0.00000000    -0.00749770  -0.00874914
 -0.00768528   0.00000000     0.27011850   0.00000000     0.00749770   0.00874914
 -0.00749770   0.00874914     0.00749770  -0.00874914     0.32663607   0.00000000

     Dynamical  Matrix in cartesian axes

     q = (   -0.250000000   0.750000000   0.750000000 ) 

    1    1
  0.32663607   0.00000000    -0.00749770  -0.00874914    -0.00749770  -0.00874914
 -0.00749770   0.00874914     0.27011850   0.00000000     0.00768528   0.00000000
 -0.00749770   0.00874914     0.00768528   0.00000000     0.27011850   0.00000000
    1    2
 -0.06763182   0.08722149    -0.04505888   0.04805233    -0.04505888   0.04805233
 -0.04505888   0.04805233    -0.06827764   0.07088717    -0.04496005  -0.15298754
 -0.04505888   0.04805233    -0.04496005  -0.15298754    -0.06827764   0.07088717
    2    1
 -0.06763182  -0.08722149    -0.04505888  -0.04805233    -0.04505888  -0.04805233
 -0.04505888  -0.04805233    -0.06827764  -0.07088717    -0.04496005   0.15298754
 -0.04505888  -0.04805233    -0.04496005   0.15298754    -0.06827764  -0.07088717
    2    2
  0.32663607   0.00000000    -0.00749770   0.00874914    -0.00749770   0.00874914
 -0.00749770  -0.00874914     0.27011850   0.00000000     0.00768528   0.00000000
 -0.00749770  -0.00874914     0.00768528   0.00000000     0.27011850   0.00000000

     Dynamical  Matrix in cartesian axes

     q = (    0.250000000   0.750000000  -0.750000000 ) 

    1    1
  0.32663607   0.00000000     0.00749770   0.00874914    -0.00749770  -0.00874914
  0.00749770  -0.00874914     0.27011850   0.00000000    -0.00768528   0.00000000
 -0.00749770   0.00874914    -0.00768528   0.00000000     0.27011850   0.00000000
    1    2
 -0.08722149  -0.06763182     0.04805233   0.04505888    -0.04805233  -0.04505888
  0.04805233   0.04505888    -0.07088717  -0.06827764    -0.15298754   0.04496005
 -0.04805233  -0.04505888    -0.15298754   0.04496005    -0.07088717  -0.06827764
    2    1
 -0.08722149   0.06763182     0.04805233  -0.04505888    -0.04805233   0.04505888
  0.04805233  -0.04505888    -0.07088717   0.06827764    -0.15298754  -0.04496005
 -0.04805233   0.04505888    -0.15298754  -0.04496005    -0.07088717   0.06827764
    2    2
  0.32663607   0.00000000     0.00749770  -0.00874914    -0.00749770   0.00874914
  0.00749770   0.00874914     0.27011850   0.00000000    -0.00768528   0.00000000
 -0.00749770  -0.00874914    -0.00768528   0.00000000     0.27011850   0.00000000

     Dynamical  Matrix in cartesian axes

     q = (   -0.250000000  -0.750000000  -0.750000000 ) 

    1    1
  0.32663607   0.00000000     0.00749770   0.00874914     0.00749770   0.00874914
  0.00749770  -0.00874914     0.27011850   0.00000000     0.00768528   0.00000000
  0.00749770  -0.00874914     0.00768528   0.00000000     0.27011850   0.00000000
    1    2
  0.08722149   0.06763182    -0.04805233  -0.04505888    -0.04805233  -0.04505888
 -0.04805233  -0.04505888     0.07088717   0.06827764    -0.15298754   0.04496005
 -0.04805233  -0.04505888    -0.15298754   0.04496005     0.07088717   0.06827764
    2    1
  0.08722149  -0.06763182    -0.04805233   0.04505888    -0.04805233   0.04505888
 -0.04805233   0.04505888     0.07088717  -0.06827764    -0.15298754  -0.04496005
 -0.04805233   0.04505888    -0.15298754  -0.04496005     0.07088717  -0.06827764
    2    2
  0.32663607   0.00000000     0.00749770  -0.00874914     0.00749770  -0.00874914
  0.00749770   0.00874914     0.27011850   0.00000000     0.00768528   0.00000000
  0.00749770   0.00874914     0.00768528   0.00000000     0.27011850   0.00000000

     Dynamical  Matrix in cartesian axes

     q = (    0.750000000   0.750000000  -0.250000000 ) 

    1    1
  0.27011850   0.00000000     0.00768528   0.00000000    -0.00749770   0.00874914
  0.00768528   0.00000000     0.27011850   0.00000000    -0.00749770   0.00874914
 -0.00749770  -0.00874914    -0.00749770  -0.00874914     0.32663607   0.00000000
    1    2
 -0.06827764   0.07088717    -0.04496005  -0.15298754    -0.04505888   0.04805233
 -0.04496005  -0.15298754    -0.06827764   0.07088717    -0.04505888   0.04805233
 -0.04505888   0.04805233    -0.04505888   0.04805233    -0.06763182   0.08722149
    2    1
 -0.06827764  -0.07088717    -0.04496005   0.15298754    -0.04505888  -0.04805233
 -0.04496005   0.15298754    -0.06827764  -0.07088717    -0.04505888  -0.04805233
 -0.04505888  -0.04805233    -0.04505888  -0.04805233    -0.06763182  -0.08722149
    2    2
  0.27011850   0.00000000     0.00768528   0.00000000    -0.00749770  -0.00874914
  0.00768528   0.00000000     0.27011850   0.00000000    -0.00749770  -0.00874914
 -0.00749770   0.00874914    -0.00749770   0.00874914     0.32663607   0.00000000

     Dynamical  Matrix in cartesian axes

     q = (    0.750000000  -0.750000000   0.250000000 ) 

    1    1
  0.27011850   0.00000000    -0.00768528   0.00000000     0.00749770  -0.00874914
 -0.00768528   0.00000000     0.27011850   0.00000000    -0.00749770   0.00874914
  0.00749770   0.00874914    -0.00749770  -0.00874914     0.32663607   0.00000000
    1    2
 -0.07088717  -0.06827764    -0.15298754   0.04496005     0.04805233   0.04505888
 -0.15298754   0.04496005    -0.07088717  -0.06827764    -0.04805233  -0.04505888
  0.04805233   0.04505888    -0.04805233  -0.04505888    -0.08722149  -0.06763182
    2    1
 -0.07088717   0.06827764    -0.15298754  -0.04496005     0.04805233  -0.04505888
 -0.15298754  -0.04496005    -0.07088717   0.06827764    -0.04805233   0.04505888
  0.04805233  -0.04505888    -0.04805233   0.04505888    -0.08722149   0.06763182
    2    2
  0.27011850   0.00000000    -0.00768528   0.00000000     0.00749770   0.00874914
 -0.00768528   0.00000000     0.27011850   0.00000000    -0.00749770  -0.00874914
  0.00749770  -0.00874914    -0.00749770   0.00874914     0.32663607   0.00000000

     Dynamical  Matrix in cartesian axes

     q = (   -0.750000000  -0.750000000  -0.250000000 ) 

    1    1
  0.27011850   0.00000000     0.00768528   0.00000000     0.00749770  -0.00874914
  0.00768528   0.00000000     0.27011850   0.00000000     0.00749770  -0.00874914
  0.00749770   0.00874914     0.00749770   0.00874914     0.32663607   0.00000000
    1    2
  0.07088717   0.06827764    -0.15298754   0.04496005    -0.04805233  -0.04505888
 -0.15298754   0.04496005     0.07088717   0.06827764    -0.04805233  -0.04505888
 -0.04805233  -0.04505888    -0.04805233  -0.04505888     0.08722149   0.06763182
    2    1
  0.07088717  -0.06827764    -0.15298754  -0.04496005    -0.04805233   0.04505888
 -0.15298754  -0.04496005     0.07088717  -0.06827764    -0.04805233   0.04505888
 -0.04805233   0.04505888    -0.04805233   0.04505888     0.08722149  -0.06763182
    2    2
  0.27011850   0.00000000     0.00768528   0.00000000     0.00749770   0.00874914
  0.00768528   0.00000000     0.27011850   0.00000000     0.00749770   0.00874914
  0.00749770  -0.00874914     0.00749770  -0.00874914     0.32663607   0.00000000

     Dynamical  Matrix in cartesian axes

     q = (    0.250000000  -0.750000000   0.750000000 ) 

    1    1
  0.32663607   0.00000000    -0.00749770  -0.00874914     0.00749770   0.00874914
 -0.00749770   0.00874914     0.27011850   0.00000000    -0.00768528   0.00000000
  0.00749770  -0.00874914    -0.00768528   0.00000000     0.27011850   0.00000000
    1    2
 -0.08722149  -0.06763182    -0.04805233  -0.04505888     0.04805233   0.04505888
 -0.04805233  -0.04505888    -0.07088717  -0.06827764    -0.15298754   0.04496005
  0.04805233   0.04505888    -0.15298754   0.04496005    -0.07088717  -0.06827764
    2    1
 -0.08722149   0.06763182    -0.04805233   0.04505888     0.04805233  -0.04505888
 -0.04805233   0.04505888    -0.07088717   0.06827764    -0.15298754  -0.04496005
  0.04805233  -0.04505888    -0.15298754  -0.04496005    -0.07088717   0.06827764
    2    2
  0.32663607   0.00000000    -0.00749770   0.00874914     0.00749770  -0.00874914
 -0.00749770  -0.00874914     0.27011850   0.00000000    -0.00768528   0.00000000
  0.00749770   0.00874914    -0.00768528   0.00000000     0.27011850   0.00000000

     Dynamical  Matrix in cartesian axes

     q = (   -0.750000000  -0.750000000   0.250000000 ) 

    1    1
  0.27011850   0.00000000     0.00768528   0.00000000    -0.00749770  -0.00874914
  0.00768528   0.00000000     0.27011850   0.00000000    -0.00749770  -0.00874914
 -0.00749770   0.00874914    -0.00749770   0.00874914     0.32663607   0.00000000
    1    2
 -0.06827764  -0.07088717    -0.04496005   0.15298754    -0.04505888  -0.04805233
 -0.04496005   0.15298754    -0.06827764  -0.07088717    -0.04505888  -0.04805233
 -0.04505888  -0.04805233    -0.04505888  -0.04805233    -0.06763182  -0.08722149
    2    1
 -0.06827764   0.07088717    -0.04496005  -0.15298754    -0.04505888   0.04805233
 -0.04496005  -0.15298754    -0.06827764   0.07088717    -0.04505888   0.04805233
 -0.04505888   0.04805233    -0.04505888   0.04805233    -0.06763182   0.08722149
    2    2
  0.27011850   0.00000000     0.00768528   0.00000000    -0.00749770   0.00874914
  0.00768528   0.00000000     0.27011850   0.00000000    -0.00749770   0.00874914
 -0.00749770  -0.00874914    -0.00749770  -0.00874914     0.32663607   0.00000000

     Dynamical  Matrix in cartesian axes

     q = (    0.250000000   0.750000000   0.750000000 ) 

    1    1
  0.32663607   0.00000000     0.00749770  -0.00874914     0.00749770  -0.00874914
  0.00749770   0.00874914     0.27011850   0.00000000     0.00768528   0.00000000
  0.00749770   0.00874914     0.00768528   0.00000000     0.27011850   0.00000000
    1    2
  0.08722149  -0.06763182    -0.04805233   0.04505888    -0.04805233   0.04505888
 -0.04805233   0.04505888     0.07088717  -0.06827764    -0.15298754  -0.04496005
 -0.04805233   0.04505888    -0.15298754  -0.04496005     0.07088717  -0.06827764
    2    1
  0.08722149   0.06763182    -0.04805233  -0.04505888    -0.04805233  -0.04505888
 -0.04805233  -0.04505888     0.07088717   0.06827764    -0.15298754   0.04496005
 -0.04805233  -0.04505888    -0.15298754   0.04496005     0.07088717   0.06827764
    2    2
  0.32663607   0.00000000     0.00749770   0.00874914     0.00749770   0.00874914
  0.00749770  -0.00874914     0.27011850   0.00000000     0.00768528   0.00000000
  0.00749770  -0.00874914     0.00768528   0.00000000     0.27011850   0.00000000

     Dynamical  Matrix in cartesian axes

     q = (   -0.250000000  -0.750000000   0.750000000 ) 

    1    1
  0.32663607   0.00000000     0.00749770  -0.00874914    -0.00749770   0.00874914
  0.00749770   0.00874914     0.27011850   0.00000000    -0.00768528   0.00000000
 -0.00749770  -0.00874914    -0.00768528   0.00000000     0.27011850   0.00000000
    1    2
 -0.08722149   0.06763182     0.04805233  -0.04505888    -0.04805233   0.04505888
  0.04805233  -0.04505888    -0.07088717   0.06827764    -0.15298754  -0.04496005
 -0.04805233   0.04505888    -0.15298754  -0.04496005    -0.07088717   0.06827764
    2    1
 -0.08722149  -0.06763182     0.04805233   0.04505888    -0.04805233  -0.04505888
  0.04805233   0.04505888    -0.07088717  -0.06827764    -0.15298754   0.04496005
 -0.04805233  -0.04505888    -0.15298754   0.04496005    -0.07088717  -0.06827764
    2    2
  0.32663607   0.00000000     0.00749770   0.00874914    -0.00749770  -0.00874914
  0.00749770  -0.00874914     0.27011850   0.00000000    -0.00768528   0.00000000
 -0.00749770   0.00874914    -0.00768528   0.00000000     0.27011850   0.00000000

     Dynamical  Matrix in cartesian axes

     q = (    0.750000000   0.750000000   0.250000000 ) 

    1    1
  0.27011850   0.00000000     0.00768528   0.00000000     0.00749770   0.00874914
  0.00768528   0.00000000     0.27011850   0.00000000     0.00749770   0.00874914
  0.00749770  -0.00874914     0.00749770  -0.00874914     0.32663607   0.00000000
    1    2
  0.07088717  -0.06827764    -0.15298754  -0.04496005    -0.04805233   0.04505888
 -0.15298754  -0.04496005     0.07088717  -0.06827764    -0.04805233   0.04505888
 -0.04805233   0.04505888    -0.04805233   0.04505888     0.08722149  -0.06763182
    2    1
  0.07088717   0.06827764    -0.15298754   0.04496005    -0.04805233  -0.04505888
 -0.15298754   0.04496005     0.07088717   0.06827764    -0.04805233  -0.04505888
 -0.04805233  -0.04505888    -0.04805233  -0.04505888     0.08722149   0.06763182
    2    2
  0.27011850   0.00000000     0.00768528   0.00000000     0.00749770  -0.00874914
  0.00768528   0.00000000     0.27011850   0.00000000     0.00749770  -0.00874914
  0.00749770   0.00874914     0.00749770   0.00874914     0.32663607   0.00000000

     Dynamical  Matrix in cartesian axes

     q = (    0.250000000  -0.750000000  -0.750000000 ) 

    1    1
  0.32663607   0.00000000    -0.00749770   0.00874914    -0.00749770   0.00874914
 -0.00749770  -0.00874914     0.27011850   0.00000000     0.00768528   0.00000000
 -0.00749770  -0.00874914     0.00768528   0.00000000     0.27011850   0.00000000
    1    2
 -0.06763182  -0.08722149    -0.04505888  -0.04805233    -0.04505888  -0.04805233
 -0.04505888  -0.04805233    -0.06827764  -0.07088717    -0.04496005   0.15298754
 -0.04505888  -0.04805233    -0.04496005   0.15298754    -0.06827764  -0.07088717
    2    1
 -0.06763182   0.08722149    -0.04505888   0.04805233    -0.04505888   0.04805233
 -0.04505888   0.04805233    -0.06827764   0.07088717    -0.04496005  -0.15298754
 -0.04505888   0.04805233    -0.04496005  -0.15298754    -0.06827764   0.07088717
    2    2
  0.32663607   0.00000000    -0.00749770  -0.00874914    -0.00749770  -0.00874914
 -0.00749770   0.00874914     0.27011850   0.00000000     0.00768528   0.00000000
 -0.00749770   0.00874914     0.00768528   0.00000000     0.27011850   0.00000000

     Dynamical  Matrix in cartesian axes

     q = (    0.750000000  -0.750000000  -0.250000000 ) 

    1    1
  0.27011850   0.00000000    -0.00768528   0.00000000    -0.00749770  -0.00874914
 -0.00768528   0.00000000     0.27011850   0.00000000     0.00749770   0.00874914
 -0.00749770   0.00874914     0.00749770  -0.00874914     0.32663607   0.00000000
    1    2
 -0.07088717   0.06827764    -0.15298754  -0.04496005    -0.04805233   0.04505888
 -0.15298754  -0.04496005    -0.07088717   0.06827764     0.04805233  -0.04505888
 -0.04805233   0.04505888     0.04805233  -0.04505888    -0.08722149   0.06763182
    2    1
 -0.07088717  -0.06827764    -0.15298754   0.04496005    -0.04805233  -0.04505888
 -0.15298754   0.04496005    -0.07088717  -0.06827764     0.04805233   0.04505888
 -0.04805233  -0.04505888     0.04805233   0.04505888    -0.08722149  -0.06763182
    2    2
  0.27011850   0.00000000    -0.00768528   0.00000000    -0.00749770   0.00874914
 -0.00768528   0.00000000     0.27011850   0.00000000     0.00749770  -0.00874914
 -0.00749770  -0.00874914     0.00749770   0.00874914     0.32663607   0.00000000

     Diagonalizing the dynamical matrix

     q = (    0.750000000  -0.250000000   0.750000000 ) 

 **************************************************************************
     freq (    1) =       3.973705 [THz] =     132.548520 [cm-1]
 ( -0.051797  0.497310  0.000000 -0.000000  0.051797 -0.497310 ) 
 ( -0.500000 -0.000000  0.000000  0.000000  0.500000  0.000000 ) 
     freq (    2) =       6.119704 [THz] =     204.131356 [cm-1]
 ( -0.391270 -0.158242 -0.347401  0.151814 -0.391270 -0.158242 ) 
 ( -0.422057 -0.000000 -0.265139 -0.270991 -0.422057  0.000000 ) 
     freq (    3) =       9.777422 [THz] =     326.139688 [cm-1]
 ( -0.110318  0.292186 -0.380334 -0.400326 -0.110318  0.292186 ) 
 (  0.312318 -0.000000 -0.240178 -0.497222  0.312318  0.000000 ) 
     freq (    4) =      12.723808 [THz] =     424.420554 [cm-1]
 ( -0.080331 -0.315732  0.405456  0.351179 -0.080331 -0.315732 ) 
 (  0.325791  0.000000 -0.440310 -0.306347  0.325791  0.000000 ) 
     freq (    5) =      14.356904 [THz] =     478.894770 [cm-1]
 ( -0.051797  0.497310 -0.000000 -0.000000  0.051797 -0.497310 ) 
 (  0.500000  0.000000 -0.000000  0.000000 -0.500000  0.000000 ) 
     freq (    6) =      14.702535 [THz] =     490.423765 [cm-1]
 (  0.304011  0.160508  0.465214 -0.217268  0.304011  0.160508 ) 
 ( -0.343781 -0.000000 -0.309955 -0.409337 -0.343781  0.000000 ) 
 **************************************************************************
