Dynamical matrix file
graphene for phonons                                                       
  1    2   4   4.6074235   0.0000000   3.0000000   0.0000000   0.0000000   0.0000000
           1  'C      '    10947.083370705141     
    1    1      0.5000000000      0.2886800000      0.0000000000
    2    1      0.5000000000     -0.2886800000      0.0000000000

     Dynamical  Matrix in cartesian axes

     q = (    0.000000000   0.000000000   0.000000000 ) 

    1    1
  1.03927255   0.00000000     0.00000000   0.00000000     0.00000000   0.00000000
  0.00000000   0.00000000     1.03927255   0.00000000     0.00000000   0.00000000
  0.00000000   0.00000000     0.00000000   0.00000000     0.38384015   0.00000000
    1    2
 -1.03569790   0.00000000    -0.00000000   0.00000000     0.00000000   0.00000000
 -0.00000000   0.00000000    -1.03569790   0.00000000     0.00000000   0.00000000
 -0.00000000   0.00000000    -0.00000000   0.00000000    -0.38389768   0.00000000
    2    1
 -1.03569790   0.00000000     0.00000000   0.00000000     0.00000000   0.00000000
  0.00000000   0.00000000    -1.03569790   0.00000000     0.00000000   0.00000000
  0.00000000   0.00000000     0.00000000   0.00000000    -0.38389768   0.00000000
    2    2
  1.03927255   0.00000000     0.00000000   0.00000000     0.00000000   0.00000000
  0.00000000   0.00000000     1.03927255   0.00000000     0.00000000   0.00000000
  0.00000000   0.00000000     0.00000000   0.00000000     0.38384015   0.00000000

     Diagonalizing the dynamical matrix

     q = (    0.000000000   0.000000000   0.000000000 ) 

 **************************************************************************
     freq (    1) =      -0.238500 [THz] =      -7.955499 [cm-1]
 (  0.000000  0.000000 -0.000000  0.000000 -0.707107  0.000000 ) 
 (  0.000000  0.000000 -0.000000  0.000000 -0.707107  0.000000 ) 
     freq (    2) =       1.879932 [THz] =      62.707778 [cm-1]
 ( -0.250705  0.000000 -0.661171  0.000000  0.000000  0.000000 ) 
 ( -0.250705  0.000000 -0.661171  0.000000  0.000000  0.000000 ) 
     freq (    3) =       1.879932 [THz] =      62.707778 [cm-1]
 (  0.661171  0.000000 -0.250705  0.000000  0.000000 -0.000000 ) 
 (  0.661171  0.000000 -0.250705  0.000000  0.000000 -0.000000 ) 
     freq (    4) =      27.550678 [THz] =     918.991700 [cm-1]
 ( -0.000000  0.000000  0.000000  0.000000 -0.707107  0.000000 ) 
 ( -0.000000  0.000000  0.000000  0.000000  0.707107  0.000000 ) 
     freq (    5) =      45.293072 [THz] =    1510.814269 [cm-1]
 ( -0.000601  0.000000  0.707107 -0.000000  0.000000 -0.000000 ) 
 (  0.000601 -0.000000 -0.707107  0.000000 -0.000000  0.000000 ) 
     freq (    6) =      45.293072 [THz] =    1510.814269 [cm-1]
 ( -0.707107  0.000000 -0.000601  0.000000 -0.000000  0.000000 ) 
 (  0.707107  0.000000  0.000601  0.000000  0.000000  0.000000 ) 
 **************************************************************************
