Dynamical matrix file
Ph                                                                         
  1    2  2 10.1000000  0.0000000  0.0000000  0.0000000  0.0000000  0.0000000
           1  'Si  '    25598.822984527003     
    1    1      0.0000000000      0.0000000000      0.0000000000
    2    1      0.2500000000      0.2500000000      0.2500000000

     Dynamical  Matrix in cartesian axes

     q = (    0.750000000  -0.250000000   0.750000000 ) 

    1    1
  0.27011842 -0.00000000   -0.00749790  0.00874928    0.00768534 -0.00000000
 -0.00749790 -0.00874928    0.32663675 -0.00000000   -0.00749790 -0.00874928
  0.00768534 -0.00000000   -0.00749790  0.00874928    0.27011842 -0.00000000
    1    2
 -0.06827694  0.07088695   -0.04505945  0.04805185   -0.04495947 -0.15298772
 -0.04505945  0.04805185   -0.06763119  0.08722275   -0.04505945  0.04805185
 -0.04495947 -0.15298772   -0.04505945  0.04805185   -0.06827694  0.07088695
    2    1
 -0.06827694 -0.07088695   -0.04505945 -0.04805185   -0.04495947  0.15298772
 -0.04505945 -0.04805185   -0.06763119 -0.08722275   -0.04505945 -0.04805185
 -0.04495947  0.15298772   -0.04505945 -0.04805185   -0.06827694 -0.07088695
    2    2
  0.27011842  0.00000000   -0.00749790 -0.00874928    0.00768534  0.00000000
 -0.00749790  0.00874928    0.32663675  0.00000000   -0.00749790  0.00874928
  0.00768534  0.00000000   -0.00749790 -0.00874928    0.27011842  0.00000000

     Dynamical  Matrix in cartesian axes

     q = (    0.750000000  -0.250000000  -0.750000000 ) 

    1    1
  0.27011842  0.00000000   -0.00749790 -0.00874928   -0.00768534  0.00000000
 -0.00749790  0.00874928    0.32663675  0.00000000    0.00749790 -0.00874928
 -0.00768534  0.00000000    0.00749790  0.00874928    0.27011842  0.00000000
    1    2
 -0.07088695  0.06827694   -0.04805185  0.04505945   -0.15298772 -0.04495947
 -0.04805185  0.04505945   -0.08722275  0.06763119    0.04805185 -0.04505945
 -0.15298772 -0.04495947    0.04805185 -0.04505945   -0.07088695  0.06827694
    2    1
 -0.07088695 -0.06827694   -0.04805185 -0.04505945   -0.15298772  0.04495947
 -0.04805185 -0.04505945   -0.08722275 -0.06763119    0.04805185  0.04505945
 -0.15298772  0.04495947    0.04805185  0.04505945   -0.07088695 -0.06827694
    2    2
  0.27011842  0.00000000   -0.00749790  0.00874928   -0.00768534  0.00000000
 -0.00749790 -0.00874928    0.32663675 -0.00000000    0.00749790  0.00874928
 -0.00768534  0.00000000    0.00749790 -0.00874928    0.27011842  0.00000000

     Dynamical  Matrix in cartesian axes

     q = (   -0.750000000  -0.250000000  -0.750000000 ) 

    1    1
  0.27011842  0.00000000    0.00749790 -0.00874928    0.00768534  0.00000000
  0.00749790  0.00874928    0.32663675  0.00000000    0.00749790  0.00874928
  0.00768534  0.00000000    0.00749790 -0.00874928    0.27011842  0.00000000
    1    2
  0.07088695  0.06827694   -0.04805185 -0.04505945   -0.15298772  0.04495947
 -0.04805185 -0.04505945    0.08722275  0.06763119   -0.04805185 -0.04505945
 -0.15298772  0.04495947   -0.04805185 -0.04505945    0.07088695  0.06827694
    2    1
  0.07088695 -0.06827694   -0.04805185  0.04505945   -0.15298772 -0.04495947
 -0.04805185  0.04505945    0.08722275 -0.06763119   -0.04805185  0.04505945
 -0.15298772 -0.04495947   -0.04805185  0.04505945    0.07088695 -0.06827694
    2    2
  0.27011842 -0.00000000    0.00749790  0.00874928    0.00768534 -0.00000000
  0.00749790 -0.00874928    0.32663675 -0.00000000    0.00749790 -0.00874928
  0.00768534 -0.00000000    0.00749790  0.00874928    0.27011842 -0.00000000

     Dynamical  Matrix in cartesian axes

     q = (   -0.750000000  -0.250000000   0.750000000 ) 

    1    1
  0.27011842  0.00000000    0.00749790  0.00874928   -0.00768534  0.00000000
  0.00749790 -0.00874928    0.32663675 -0.00000000   -0.00749790  0.00874928
 -0.00768534  0.00000000   -0.00749790 -0.00874928    0.27011842  0.00000000
    1    2
 -0.07088695  0.06827694    0.04805185 -0.04505945   -0.15298772 -0.04495947
  0.04805185 -0.04505945   -0.08722275  0.06763119   -0.04805185  0.04505945
 -0.15298772 -0.04495947   -0.04805185  0.04505945   -0.07088695  0.06827694
    2    1
 -0.07088695 -0.06827694    0.04805185  0.04505945   -0.15298772  0.04495947
  0.04805185  0.04505945   -0.08722275 -0.06763119   -0.04805185 -0.04505945
 -0.15298772  0.04495947   -0.04805185 -0.04505945   -0.07088695 -0.06827694
    2    2
  0.27011842  0.00000000    0.00749790 -0.00874928   -0.00768534  0.00000000
  0.00749790  0.00874928    0.32663675  0.00000000   -0.00749790 -0.00874928
 -0.00768534  0.00000000   -0.00749790  0.00874928    0.27011842  0.00000000

     Dynamical  Matrix in cartesian axes

     q = (   -0.750000000   0.250000000  -0.750000000 ) 

    1    1
  0.27011842  0.00000000   -0.00749790 -0.00874928    0.00768534  0.00000000
 -0.00749790  0.00874928    0.32663675  0.00000000   -0.00749790  0.00874928
  0.00768534  0.00000000   -0.00749790 -0.00874928    0.27011842  0.00000000
    1    2
 -0.06827694 -0.07088695   -0.04505945 -0.04805185   -0.04495947  0.15298772
 -0.04505945 -0.04805185   -0.06763119 -0.08722275   -0.04505945 -0.04805185
 -0.04495947  0.15298772   -0.04505945 -0.04805185   -0.06827694 -0.07088695
    2    1
 -0.06827694  0.07088695   -0.04505945  0.04805185   -0.04495947 -0.15298772
 -0.04505945  0.04805185   -0.06763119  0.08722275   -0.04505945  0.04805185
 -0.04495947 -0.15298772   -0.04505945  0.04805185   -0.06827694  0.07088695
    2    2
  0.27011842 -0.00000000   -0.00749790  0.00874928    0.00768534 -0.00000000
 -0.00749790 -0.00874928    0.32663675 -0.00000000   -0.00749790 -0.00874928
  0.00768534 -0.00000000   -0.00749790  0.00874928    0.27011842 -0.00000000

     Dynamical  Matrix in cartesian axes

     q = (   -0.250000000   0.750000000  -0.750000000 ) 

    1    1
  0.32663675  0.00000000   -0.00749790  0.00874928    0.00749790 -0.00874928
 -0.00749790 -0.00874928    0.27011842  0.00000000   -0.00768534 -0.00000000
  0.00749790  0.00874928   -0.00768534 -0.00000000    0.27011842  0.00000000
    1    2
 -0.08722275  0.06763119   -0.04805185  0.04505945    0.04805185 -0.04505945
 -0.04805185  0.04505945   -0.07088695  0.06827694   -0.15298772 -0.04495947
  0.04805185 -0.04505945   -0.15298772 -0.04495947   -0.07088695  0.06827694
    2    1
 -0.08722275 -0.06763119   -0.04805185 -0.04505945    0.04805185  0.04505945
 -0.04805185 -0.04505945   -0.07088695 -0.06827694   -0.15298772  0.04495947
  0.04805185  0.04505945   -0.15298772  0.04495947   -0.07088695 -0.06827694
    2    2
  0.32663675 -0.00000000   -0.00749790 -0.00874928    0.00749790  0.00874928
 -0.00749790  0.00874928    0.27011842 -0.00000000   -0.00768534  0.00000000
  0.00749790 -0.00874928   -0.00768534  0.00000000    0.27011842 -0.00000000

     Dynamical  Matrix in cartesian axes

     q = (   -0.750000000   0.750000000  -0.250000000 ) 

    1    1
  0.27011842  0.00000000   -0.00768534 -0.00000000    0.00749790  0.00874928
 -0.00768534 -0.00000000    0.27011842  0.00000000   -0.00749790 -0.00874928
  0.00749790 -0.00874928   -0.00749790  0.00874928    0.32663675  0.00000000
    1    2
 -0.07088695  0.06827694   -0.15298772 -0.04495947    0.04805185 -0.04505945
 -0.15298772 -0.04495947   -0.07088695  0.06827694   -0.04805185  0.04505945
  0.04805185 -0.04505945   -0.04805185  0.04505945   -0.08722275  0.06763119
    2    1
 -0.07088695 -0.06827694   -0.15298772  0.04495947    0.04805185  0.04505945
 -0.15298772  0.04495947   -0.07088695 -0.06827694   -0.04805185 -0.04505945
  0.04805185  0.04505945   -0.04805185 -0.04505945   -0.08722275 -0.06763119
    2    2
  0.27011842 -0.00000000   -0.00768534  0.00000000    0.00749790 -0.00874928
 -0.00768534  0.00000000    0.27011842 -0.00000000   -0.00749790  0.00874928
  0.00749790  0.00874928   -0.00749790 -0.00874928    0.32663675 -0.00000000

     Dynamical  Matrix in cartesian axes

     q = (    0.750000000   0.250000000   0.750000000 ) 

    1    1
  0.27011842 -0.00000000    0.00749790  0.00874928    0.00768534 -0.00000000
  0.00749790 -0.00874928    0.32663675 -0.00000000    0.00749790 -0.00874928
  0.00768534 -0.00000000    0.00749790  0.00874928    0.27011842 -0.00000000
    1    2
  0.07088695 -0.06827694   -0.04805185  0.04505945   -0.15298772 -0.04495947
 -0.04805185  0.04505945    0.08722275 -0.06763119   -0.04805185  0.04505945
 -0.15298772 -0.04495947   -0.04805185  0.04505945    0.07088695 -0.06827694
    2    1
  0.07088695  0.06827694   -0.04805185 -0.04505945   -0.15298772  0.04495947
 -0.04805185 -0.04505945    0.08722275  0.06763119   -0.04805185 -0.04505945
 -0.15298772  0.04495947   -0.04805185 -0.04505945    0.07088695  0.06827694
    2    2
  0.27011842  0.00000000    0.00749790 -0.00874928    0.00768534  0.00000000
  0.00749790  0.00874928    0.32663675  0.00000000    0.00749790  0.00874928
  0.00768534  0.00000000    0.00749790 -0.00874928    0.27011842  0.00000000

     Dynamical  Matrix in cartesian axes

     q = (   -0.750000000   0.250000000   0.750000000 ) 

    1    1
  0.27011842  0.00000000   -0.00749790  0.00874928   -0.00768534  0.00000000
 -0.00749790 -0.00874928    0.32663675 -0.00000000    0.00749790  0.00874928
 -0.00768534  0.00000000    0.00749790 -0.00874928    0.27011842  0.00000000
    1    2
 -0.07088695 -0.06827694   -0.04805185 -0.04505945   -0.15298772  0.04495947
 -0.04805185 -0.04505945   -0.08722275 -0.06763119    0.04805185  0.04505945
 -0.15298772  0.04495947    0.04805185  0.04505945   -0.07088695 -0.06827694
    2    1
 -0.07088695  0.06827694   -0.04805185  0.04505945   -0.15298772 -0.04495947
 -0.04805185  0.04505945   -0.08722275  0.06763119    0.04805185 -0.04505945
 -0.15298772 -0.04495947    0.04805185 -0.04505945   -0.07088695  0.06827694
    2    2
  0.27011842  0.00000000   -0.00749790 -0.00874928   -0.00768534  0.00000000
 -0.00749790  0.00874928    0.32663675  0.00000000    0.00749790 -0.00874928
 -0.00768534  0.00000000    0.00749790  0.00874928    0.27011842  0.00000000

     Dynamical  Matrix in cartesian axes

     q = (    0.750000000   0.250000000  -0.750000000 ) 

    1    1
  0.27011842  0.00000000    0.00749790 -0.00874928   -0.00768534  0.00000000
  0.00749790  0.00874928    0.32663675  0.00000000   -0.00749790 -0.00874928
 -0.00768534  0.00000000   -0.00749790  0.00874928    0.27011842  0.00000000
    1    2
 -0.07088695 -0.06827694    0.04805185  0.04505945   -0.15298772  0.04495947
  0.04805185  0.04505945   -0.08722275 -0.06763119   -0.04805185 -0.04505945
 -0.15298772  0.04495947   -0.04805185 -0.04505945   -0.07088695 -0.06827694
    2    1
 -0.07088695  0.06827694    0.04805185 -0.04505945   -0.15298772 -0.04495947
  0.04805185 -0.04505945   -0.08722275  0.06763119   -0.04805185  0.04505945
 -0.15298772 -0.04495947   -0.04805185  0.04505945   -0.07088695  0.06827694
    2    2
  0.27011842  0.00000000    0.00749790  0.00874928   -0.00768534  0.00000000
  0.00749790 -0.00874928    0.32663675 -0.00000000   -0.00749790  0.00874928
 -0.00768534  0.00000000   -0.00749790 -0.00874928    0.27011842  0.00000000

     Dynamical  Matrix in cartesian axes

     q = (   -0.750000000   0.750000000   0.250000000 ) 

    1    1
  0.27011842 -0.00000000   -0.00768534  0.00000000   -0.00749790  0.00874928
 -0.00768534  0.00000000    0.27011842 -0.00000000    0.00749790 -0.00874928
 -0.00749790 -0.00874928    0.00749790  0.00874928    0.32663675 -0.00000000
    1    2
 -0.07088695 -0.06827694   -0.15298772  0.04495947   -0.04805185 -0.04505945
 -0.15298772  0.04495947   -0.07088695 -0.06827694    0.04805185  0.04505945
 -0.04805185 -0.04505945    0.04805185  0.04505945   -0.08722275 -0.06763119
    2    1
 -0.07088695  0.06827694   -0.15298772 -0.04495947   -0.04805185  0.04505945
 -0.15298772 -0.04495947   -0.07088695  0.06827694    0.04805185 -0.04505945
 -0.04805185  0.04505945    0.04805185 -0.04505945   -0.08722275  0.06763119
    2    2
  0.27011842  0.00000000   -0.00768534 -0.00000000   -0.00749790 -0.00874928
 -0.00768534 -0.00000000    0.27011842  0.00000000    0.00749790  0.00874928
 -0.00749790  0.00874928    0.00749790 -0.00874928    0.32663675  0.00000000

     Dynamical  Matrix in cartesian axes

     q = (   -0.250000000   0.750000000   0.750000000 ) 

    1    1
  0.32663675 -0.00000000   -0.00749790 -0.00874928   -0.00749790 -0.00874928
 -0.00749790  0.00874928    0.27011842 -0.00000000    0.00768534  0.00000000
 -0.00749790  0.00874928    0.00768534  0.00000000    0.27011842 -0.00000000
    1    2
 -0.06763119  0.08722275   -0.04505945  0.04805185   -0.04505945  0.04805185
 -0.04505945  0.04805185   -0.06827694  0.07088695   -0.04495947 -0.15298772
 -0.04505945  0.04805185   -0.04495947 -0.15298772   -0.06827694  0.07088695
    2    1
 -0.06763119 -0.08722275   -0.04505945 -0.04805185   -0.04505945 -0.04805185
 -0.04505945 -0.04805185   -0.06827694 -0.07088695   -0.04495947  0.15298772
 -0.04505945 -0.04805185   -0.04495947  0.15298772   -0.06827694 -0.07088695
    2    2
  0.32663675  0.00000000   -0.00749790  0.00874928   -0.00749790  0.00874928
 -0.00749790 -0.00874928    0.27011842  0.00000000    0.00768534 -0.00000000
 -0.00749790 -0.00874928    0.00768534 -0.00000000    0.27011842  0.00000000

     Dynamical  Matrix in cartesian axes

     q = (    0.250000000   0.750000000  -0.750000000 ) 

    1    1
  0.32663675  0.00000000    0.00749790  0.00874928   -0.00749790 -0.00874928
  0.00749790 -0.00874928    0.27011842  0.00000000   -0.00768534 -0.00000000
 -0.00749790  0.00874928   -0.00768534 -0.00000000    0.27011842  0.00000000
    1    2
 -0.08722275 -0.06763119    0.04805185  0.04505945   -0.04805185 -0.04505945
  0.04805185  0.04505945   -0.07088695 -0.06827694   -0.15298772  0.04495947
 -0.04805185 -0.04505945   -0.15298772  0.04495947   -0.07088695 -0.06827694
    2    1
 -0.08722275  0.06763119    0.04805185 -0.04505945   -0.04805185  0.04505945
  0.04805185 -0.04505945   -0.07088695  0.06827694   -0.15298772 -0.04495947
 -0.04805185  0.04505945   -0.15298772 -0.04495947   -0.07088695  0.06827694
    2    2
  0.32663675 -0.00000000    0.00749790 -0.00874928   -0.00749790  0.00874928
  0.00749790  0.00874928    0.27011842 -0.00000000   -0.00768534  0.00000000
 -0.00749790 -0.00874928   -0.00768534  0.00000000    0.27011842 -0.00000000

     Dynamical  Matrix in cartesian axes

     q = (   -0.250000000  -0.750000000  -0.750000000 ) 

    1    1
  0.32663675  0.00000000    0.00749790  0.00874928    0.00749790  0.00874928
  0.00749790 -0.00874928    0.27011842  0.00000000    0.00768534 -0.00000000
  0.00749790 -0.00874928    0.00768534 -0.00000000    0.27011842  0.00000000
    1    2
  0.08722275  0.06763119   -0.04805185 -0.04505945   -0.04805185 -0.04505945
 -0.04805185 -0.04505945    0.07088695  0.06827694   -0.15298772  0.04495947
 -0.04805185 -0.04505945   -0.15298772  0.04495947    0.07088695  0.06827694
    2    1
  0.08722275 -0.06763119   -0.04805185  0.04505945   -0.04805185  0.04505945
 -0.04805185  0.04505945    0.07088695 -0.06827694   -0.15298772 -0.04495947
 -0.04805185  0.04505945   -0.15298772 -0.04495947    0.07088695 -0.06827694
    2    2
  0.32663675 -0.00000000    0.00749790 -0.00874928    0.00749790 -0.00874928
  0.00749790  0.00874928    0.27011842 -0.00000000    0.00768534  0.00000000
  0.00749790  0.00874928    0.00768534  0.00000000    0.27011842 -0.00000000

     Dynamical  Matrix in cartesian axes

     q = (    0.750000000   0.750000000  -0.250000000 ) 

    1    1
  0.27011842  0.00000000    0.00768534  0.00000000   -0.00749790  0.00874928
  0.00768534  0.00000000    0.27011842  0.00000000   -0.00749790  0.00874928
 -0.00749790 -0.00874928   -0.00749790 -0.00874928    0.32663675  0.00000000
    1    2
 -0.06827694  0.07088695   -0.04495947 -0.15298772   -0.04505945  0.04805185
 -0.04495947 -0.15298772   -0.06827694  0.07088695   -0.04505945  0.04805185
 -0.04505945  0.04805185   -0.04505945  0.04805185   -0.06763119  0.08722275
    2    1
 -0.06827694 -0.07088695   -0.04495947  0.15298772   -0.04505945 -0.04805185
 -0.04495947  0.15298772   -0.06827694 -0.07088695   -0.04505945 -0.04805185
 -0.04505945 -0.04805185   -0.04505945 -0.04805185   -0.06763119 -0.08722275
    2    2
  0.27011842 -0.00000000    0.00768534 -0.00000000   -0.00749790 -0.00874928
  0.00768534 -0.00000000    0.27011842 -0.00000000   -0.00749790 -0.00874928
 -0.00749790  0.00874928   -0.00749790  0.00874928    0.32663675 -0.00000000

     Dynamical  Matrix in cartesian axes

     q = (    0.750000000  -0.750000000   0.250000000 ) 

    1    1
  0.27011842 -0.00000000   -0.00768534  0.00000000    0.00749790 -0.00874928
 -0.00768534  0.00000000    0.27011842 -0.00000000   -0.00749790  0.00874928
  0.00749790  0.00874928   -0.00749790 -0.00874928    0.32663675 -0.00000000
    1    2
 -0.07088695 -0.06827694   -0.15298772  0.04495947    0.04805185  0.04505945
 -0.15298772  0.04495947   -0.07088695 -0.06827694   -0.04805185 -0.04505945
  0.04805185  0.04505945   -0.04805185 -0.04505945   -0.08722275 -0.06763119
    2    1
 -0.07088695  0.06827694   -0.15298772 -0.04495947    0.04805185 -0.04505945
 -0.15298772 -0.04495947   -0.07088695  0.06827694   -0.04805185  0.04505945
  0.04805185 -0.04505945   -0.04805185  0.04505945   -0.08722275  0.06763119
    2    2
  0.27011842  0.00000000   -0.00768534 -0.00000000    0.00749790  0.00874928
 -0.00768534 -0.00000000    0.27011842  0.00000000   -0.00749790 -0.00874928
  0.00749790 -0.00874928   -0.00749790  0.00874928    0.32663675  0.00000000

     Dynamical  Matrix in cartesian axes

     q = (   -0.750000000  -0.750000000  -0.250000000 ) 

    1    1
  0.27011842 -0.00000000    0.00768534 -0.00000000    0.00749790 -0.00874928
  0.00768534 -0.00000000    0.27011842 -0.00000000    0.00749790 -0.00874928
  0.00749790  0.00874928    0.00749790  0.00874928    0.32663675 -0.00000000
    1    2
  0.07088695  0.06827694   -0.15298772  0.04495947   -0.04805185 -0.04505945
 -0.15298772  0.04495947    0.07088695  0.06827694   -0.04805185 -0.04505945
 -0.04805185 -0.04505945   -0.04805185 -0.04505945    0.08722275  0.06763119
    2    1
  0.07088695 -0.06827694   -0.15298772 -0.04495947   -0.04805185  0.04505945
 -0.15298772 -0.04495947    0.07088695 -0.06827694   -0.04805185  0.04505945
 -0.04805185  0.04505945   -0.04805185  0.04505945    0.08722275 -0.06763119
    2    2
  0.27011842  0.00000000    0.00768534  0.00000000    0.00749790  0.00874928
  0.00768534  0.00000000    0.27011842  0.00000000    0.00749790  0.00874928
  0.00749790 -0.00874928    0.00749790 -0.00874928    0.32663675  0.00000000

     Dynamical  Matrix in cartesian axes

     q = (    0.250000000  -0.750000000   0.750000000 ) 

    1    1
  0.32663675 -0.00000000   -0.00749790 -0.00874928    0.00749790  0.00874928
 -0.00749790  0.00874928    0.27011842 -0.00000000   -0.00768534  0.00000000
  0.00749790 -0.00874928   -0.00768534  0.00000000    0.27011842 -0.00000000
    1    2
 -0.08722275 -0.06763119   -0.04805185 -0.04505945    0.04805185  0.04505945
 -0.04805185 -0.04505945   -0.07088695 -0.06827694   -0.15298772  0.04495947
  0.04805185  0.04505945   -0.15298772  0.04495947   -0.07088695 -0.06827694
    2    1
 -0.08722275  0.06763119   -0.04805185  0.04505945    0.04805185 -0.04505945
 -0.04805185  0.04505945   -0.07088695  0.06827694   -0.15298772 -0.04495947
  0.04805185 -0.04505945   -0.15298772 -0.04495947   -0.07088695  0.06827694
    2    2
  0.32663675  0.00000000   -0.00749790  0.00874928    0.00749790 -0.00874928
 -0.00749790 -0.00874928    0.27011842  0.00000000   -0.00768534 -0.00000000
  0.00749790  0.00874928   -0.00768534 -0.00000000    0.27011842  0.00000000

     Dynamical  Matrix in cartesian axes

     q = (   -0.750000000  -0.750000000   0.250000000 ) 

    1    1
  0.27011842 -0.00000000    0.00768534 -0.00000000   -0.00749790 -0.00874928
  0.00768534 -0.00000000    0.27011842 -0.00000000   -0.00749790 -0.00874928
 -0.00749790  0.00874928   -0.00749790  0.00874928    0.32663675 -0.00000000
    1    2
 -0.06827694 -0.07088695   -0.04495947  0.15298772   -0.04505945 -0.04805185
 -0.04495947  0.15298772   -0.06827694 -0.07088695   -0.04505945 -0.04805185
 -0.04505945 -0.04805185   -0.04505945 -0.04805185   -0.06763119 -0.08722275
    2    1
 -0.06827694  0.07088695   -0.04495947 -0.15298772   -0.04505945  0.04805185
 -0.04495947 -0.15298772   -0.06827694  0.07088695   -0.04505945  0.04805185
 -0.04505945  0.04805185   -0.04505945  0.04805185   -0.06763119  0.08722275
    2    2
  0.27011842  0.00000000    0.00768534  0.00000000   -0.00749790  0.00874928
  0.00768534  0.00000000    0.27011842  0.00000000   -0.00749790  0.00874928
 -0.00749790 -0.00874928   -0.00749790 -0.00874928    0.32663675  0.00000000

     Dynamical  Matrix in cartesian axes

     q = (    0.250000000   0.750000000   0.750000000 ) 

    1    1
  0.32663675 -0.00000000    0.00749790 -0.00874928    0.00749790 -0.00874928
  0.00749790  0.00874928    0.27011842 -0.00000000    0.00768534  0.00000000
  0.00749790  0.00874928    0.00768534  0.00000000    0.27011842 -0.00000000
    1    2
  0.08722275 -0.06763119   -0.04805185  0.04505945   -0.04805185  0.04505945
 -0.04805185  0.04505945    0.07088695 -0.06827694   -0.15298772 -0.04495947
 -0.04805185  0.04505945   -0.15298772 -0.04495947    0.07088695 -0.06827694
    2    1
  0.08722275  0.06763119   -0.04805185 -0.04505945   -0.04805185 -0.04505945
 -0.04805185 -0.04505945    0.07088695  0.06827694   -0.15298772  0.04495947
 -0.04805185 -0.04505945   -0.15298772  0.04495947    0.07088695  0.06827694
    2    2
  0.32663675  0.00000000    0.00749790  0.00874928    0.00749790  0.00874928
  0.00749790 -0.00874928    0.27011842  0.00000000    0.00768534 -0.00000000
  0.00749790 -0.00874928    0.00768534 -0.00000000    0.27011842  0.00000000

     Dynamical  Matrix in cartesian axes

     q = (   -0.250000000  -0.750000000   0.750000000 ) 

    1    1
  0.32663675 -0.00000000    0.00749790 -0.00874928   -0.00749790  0.00874928
  0.00749790  0.00874928    0.27011842 -0.00000000   -0.00768534  0.00000000
 -0.00749790 -0.00874928   -0.00768534  0.00000000    0.27011842 -0.00000000
    1    2
 -0.08722275  0.06763119    0.04805185 -0.04505945   -0.04805185  0.04505945
  0.04805185 -0.04505945   -0.07088695  0.06827694   -0.15298772 -0.04495947
 -0.04805185  0.04505945   -0.15298772 -0.04495947   -0.07088695  0.06827694
    2    1
 -0.08722275 -0.06763119    0.04805185  0.04505945   -0.04805185 -0.04505945
  0.04805185  0.04505945   -0.07088695 -0.06827694   -0.15298772  0.04495947
 -0.04805185 -0.04505945   -0.15298772  0.04495947   -0.07088695 -0.06827694
    2    2
  0.32663675  0.00000000    0.00749790  0.00874928   -0.00749790 -0.00874928
  0.00749790 -0.00874928    0.27011842  0.00000000   -0.00768534 -0.00000000
 -0.00749790  0.00874928   -0.00768534 -0.00000000    0.27011842  0.00000000

     Dynamical  Matrix in cartesian axes

     q = (    0.750000000   0.750000000   0.250000000 ) 

    1    1
  0.27011842  0.00000000    0.00768534  0.00000000    0.00749790  0.00874928
  0.00768534  0.00000000    0.27011842  0.00000000    0.00749790  0.00874928
  0.00749790 -0.00874928    0.00749790 -0.00874928    0.32663675  0.00000000
    1    2
  0.07088695 -0.06827694   -0.15298772 -0.04495947   -0.04805185  0.04505945
 -0.15298772 -0.04495947    0.07088695 -0.06827694   -0.04805185  0.04505945
 -0.04805185  0.04505945   -0.04805185  0.04505945    0.08722275 -0.06763119
    2    1
  0.07088695  0.06827694   -0.15298772  0.04495947   -0.04805185 -0.04505945
 -0.15298772  0.04495947    0.07088695  0.06827694   -0.04805185 -0.04505945
 -0.04805185 -0.04505945   -0.04805185 -0.04505945    0.08722275  0.06763119
    2    2
  0.27011842 -0.00000000    0.00768534 -0.00000000    0.00749790 -0.00874928
  0.00768534 -0.00000000    0.27011842 -0.00000000    0.00749790 -0.00874928
  0.00749790  0.00874928    0.00749790  0.00874928    0.32663675 -0.00000000

     Dynamical  Matrix in cartesian axes

     q = (    0.250000000  -0.750000000  -0.750000000 ) 

    1    1
  0.32663675  0.00000000   -0.00749790  0.00874928   -0.00749790  0.00874928
 -0.00749790 -0.00874928    0.27011842  0.00000000    0.00768534 -0.00000000
 -0.00749790 -0.00874928    0.00768534 -0.00000000    0.27011842  0.00000000
    1    2
 -0.06763119 -0.08722275   -0.04505945 -0.04805185   -0.04505945 -0.04805185
 -0.04505945 -0.04805185   -0.06827694 -0.07088695   -0.04495947  0.15298772
 -0.04505945 -0.04805185   -0.04495947  0.15298772   -0.06827694 -0.07088695
    2    1
 -0.06763119  0.08722275   -0.04505945  0.04805185   -0.04505945  0.04805185
 -0.04505945  0.04805185   -0.06827694  0.07088695   -0.04495947 -0.15298772
 -0.04505945  0.04805185   -0.04495947 -0.15298772   -0.06827694  0.07088695
    2    2
  0.32663675 -0.00000000   -0.00749790 -0.00874928   -0.00749790 -0.00874928
 -0.00749790  0.00874928    0.27011842 -0.00000000    0.00768534  0.00000000
 -0.00749790  0.00874928    0.00768534  0.00000000    0.27011842 -0.00000000

     Dynamical  Matrix in cartesian axes

     q = (    0.750000000  -0.750000000  -0.250000000 ) 

    1    1
  0.27011842  0.00000000   -0.00768534 -0.00000000   -0.00749790 -0.00874928
 -0.00768534 -0.00000000    0.27011842  0.00000000    0.00749790  0.00874928
 -0.00749790  0.00874928    0.00749790 -0.00874928    0.32663675  0.00000000
    1    2
 -0.07088695  0.06827694   -0.15298772 -0.04495947   -0.04805185  0.04505945
 -0.15298772 -0.04495947   -0.07088695  0.06827694    0.04805185 -0.04505945
 -0.04805185  0.04505945    0.04805185 -0.04505945   -0.08722275  0.06763119
    2    1
 -0.07088695 -0.06827694   -0.15298772  0.04495947   -0.04805185 -0.04505945
 -0.15298772  0.04495947   -0.07088695 -0.06827694    0.04805185  0.04505945
 -0.04805185 -0.04505945    0.04805185  0.04505945   -0.08722275 -0.06763119
    2    2
  0.27011842 -0.00000000   -0.00768534  0.00000000   -0.00749790  0.00874928
 -0.00768534  0.00000000    0.27011842 -0.00000000    0.00749790 -0.00874928
 -0.00749790 -0.00874928    0.00749790  0.00874928    0.32663675 -0.00000000

     Diagonalizing the dynamical matrix

     q = (    0.750000000  -0.250000000   0.750000000 ) 

 **************************************************************************
     freq (    1) =       3.973700 [THz] =     132.548374 [cm-1]
 ( -0.051797  0.497310 -0.000000  0.000000  0.051797 -0.497310 ) 
 ( -0.500000 -0.000000 -0.000000 -0.000000  0.500000  0.000000 ) 
     freq (    2) =       6.119710 [THz] =     204.131557 [cm-1]
 ( -0.391268 -0.158244 -0.347404  0.151813 -0.391268 -0.158244 ) 
 ( -0.422056 -0.000000 -0.265141 -0.270993 -0.422056  0.000000 ) 
     freq (    3) =       9.777447 [THz] =     326.140537 [cm-1]
 ( -0.110319  0.292187 -0.380334 -0.400323 -0.110319  0.292187 ) 
 (  0.312320  0.000000 -0.240174 -0.497221  0.312320  0.000000 ) 
     freq (    4) =      12.723792 [THz] =     424.420020 [cm-1]
 ( -0.080331 -0.315734  0.405453  0.351178 -0.080331 -0.315734 ) 
 (  0.325793 -0.000000 -0.440308 -0.306345  0.325793  0.000000 ) 
     freq (    5) =      14.356901 [THz] =     478.894677 [cm-1]
 ( -0.051797  0.497310  0.000000 -0.000000  0.051797 -0.497310 ) 
 (  0.500000  0.000000 -0.000000 -0.000000 -0.500000  0.000000 ) 
     freq (    6) =      14.702548 [THz] =     490.424205 [cm-1]
 (  0.304007  0.160510  0.465218 -0.217267  0.304007  0.160510 ) 
 ( -0.343779 -0.000000 -0.309955 -0.409342 -0.343779  0.000000 ) 
 **************************************************************************
