Dynamical matrix file
Ph                                                                         
  1    2  2 10.2000000  0.0000000  0.0000000  0.0000000  0.0000000  0.0000000
           1  'Si  '    25598.822984527003     
    1    1      0.0000000000      0.0000000000      0.0000000000
    2    1      0.2500000000      0.2500000000      0.2500000000

     Dynamical  Matrix in cartesian axes

     q = (   -0.250000000   0.250000000  -0.250000000 ) 

    1    1
  0.28348844 -0.00000000   -0.01300253  0.00000000    0.01300253 -0.00000000
 -0.01300253  0.00000000    0.28348844 -0.00000000   -0.01300253  0.00000000
  0.01300253 -0.00000000   -0.01300253  0.00000000    0.28348844 -0.00000000
    1    2
 -0.21217805 -0.06473550   -0.03886654  0.04068262    0.03886654 -0.04068262
 -0.03886654  0.04068262   -0.21217805 -0.06473550   -0.03886654  0.04068262
  0.03886654 -0.04068262   -0.03886654  0.04068262   -0.21217805 -0.06473550
    2    1
 -0.21217805  0.06473550   -0.03886654 -0.04068262    0.03886654  0.04068262
 -0.03886654 -0.04068262   -0.21217805  0.06473550   -0.03886654 -0.04068262
  0.03886654  0.04068262   -0.03886654 -0.04068262   -0.21217805  0.06473550
    2    2
  0.28348844  0.00000000   -0.01300253 -0.00000000    0.01300253  0.00000000
 -0.01300253 -0.00000000    0.28348844  0.00000000   -0.01300253 -0.00000000
  0.01300253  0.00000000   -0.01300253 -0.00000000    0.28348844  0.00000000

     Dynamical  Matrix in cartesian axes

     q = (    0.250000000  -0.250000000  -0.250000000 ) 

    1    1
  0.28348844 -0.00000000   -0.01300253  0.00000000   -0.01300253  0.00000000
 -0.01300253  0.00000000    0.28348844 -0.00000000    0.01300253 -0.00000000
 -0.01300253  0.00000000    0.01300253 -0.00000000    0.28348844 -0.00000000
    1    2
 -0.21217805 -0.06473550   -0.03886654  0.04068262   -0.03886654  0.04068262
 -0.03886654  0.04068262   -0.21217805 -0.06473550    0.03886654 -0.04068262
 -0.03886654  0.04068262    0.03886654 -0.04068262   -0.21217805 -0.06473550
    2    1
 -0.21217805  0.06473550   -0.03886654 -0.04068262   -0.03886654 -0.04068262
 -0.03886654 -0.04068262   -0.21217805  0.06473550    0.03886654  0.04068262
 -0.03886654 -0.04068262    0.03886654  0.04068262   -0.21217805  0.06473550
    2    2
  0.28348844  0.00000000   -0.01300253 -0.00000000   -0.01300253 -0.00000000
 -0.01300253 -0.00000000    0.28348844  0.00000000    0.01300253  0.00000000
 -0.01300253 -0.00000000    0.01300253  0.00000000    0.28348844  0.00000000

     Dynamical  Matrix in cartesian axes

     q = (    0.250000000  -0.250000000   0.250000000 ) 

    1    1
  0.28348844  0.00000000   -0.01300253 -0.00000000    0.01300253  0.00000000
 -0.01300253 -0.00000000    0.28348844  0.00000000   -0.01300253 -0.00000000
  0.01300253  0.00000000   -0.01300253 -0.00000000    0.28348844  0.00000000
    1    2
 -0.21217805  0.06473550   -0.03886654 -0.04068262    0.03886654  0.04068262
 -0.03886654 -0.04068262   -0.21217805  0.06473550   -0.03886654 -0.04068262
  0.03886654  0.04068262   -0.03886654 -0.04068262   -0.21217805  0.06473550
    2    1
 -0.21217805 -0.06473550   -0.03886654  0.04068262    0.03886654 -0.04068262
 -0.03886654  0.04068262   -0.21217805 -0.06473550   -0.03886654  0.04068262
  0.03886654 -0.04068262   -0.03886654  0.04068262   -0.21217805 -0.06473550
    2    2
  0.28348844 -0.00000000   -0.01300253  0.00000000    0.01300253 -0.00000000
 -0.01300253  0.00000000    0.28348844 -0.00000000   -0.01300253  0.00000000
  0.01300253 -0.00000000   -0.01300253  0.00000000    0.28348844 -0.00000000

     Dynamical  Matrix in cartesian axes

     q = (    0.250000000   0.250000000   0.250000000 ) 

    1    1
  0.28348844 -0.00000000    0.01300253 -0.00000000    0.01300253 -0.00000000
  0.01300253 -0.00000000    0.28348844 -0.00000000    0.01300253 -0.00000000
  0.01300253 -0.00000000    0.01300253 -0.00000000    0.28348844 -0.00000000
    1    2
 -0.06473550  0.21217805   -0.04068262 -0.03886654   -0.04068262 -0.03886654
 -0.04068262 -0.03886654   -0.06473550  0.21217805   -0.04068262 -0.03886654
 -0.04068262 -0.03886654   -0.04068262 -0.03886654   -0.06473550  0.21217805
    2    1
 -0.06473550 -0.21217805   -0.04068262  0.03886654   -0.04068262  0.03886654
 -0.04068262  0.03886654   -0.06473550 -0.21217805   -0.04068262  0.03886654
 -0.04068262  0.03886654   -0.04068262  0.03886654   -0.06473550 -0.21217805
    2    2
  0.28348844  0.00000000    0.01300253  0.00000000    0.01300253  0.00000000
  0.01300253  0.00000000    0.28348844  0.00000000    0.01300253  0.00000000
  0.01300253  0.00000000    0.01300253  0.00000000    0.28348844  0.00000000

     Dynamical  Matrix in cartesian axes

     q = (   -0.250000000  -0.250000000  -0.250000000 ) 

    1    1
  0.28348844  0.00000000    0.01300253  0.00000000    0.01300253  0.00000000
  0.01300253  0.00000000    0.28348844  0.00000000    0.01300253  0.00000000
  0.01300253  0.00000000    0.01300253  0.00000000    0.28348844  0.00000000
    1    2
 -0.06473550 -0.21217805   -0.04068262  0.03886654   -0.04068262  0.03886654
 -0.04068262  0.03886654   -0.06473550 -0.21217805   -0.04068262  0.03886654
 -0.04068262  0.03886654   -0.04068262  0.03886654   -0.06473550 -0.21217805
    2    1
 -0.06473550  0.21217805   -0.04068262 -0.03886654   -0.04068262 -0.03886654
 -0.04068262 -0.03886654   -0.06473550  0.21217805   -0.04068262 -0.03886654
 -0.04068262 -0.03886654   -0.04068262 -0.03886654   -0.06473550  0.21217805
    2    2
  0.28348844 -0.00000000    0.01300253 -0.00000000    0.01300253 -0.00000000
  0.01300253 -0.00000000    0.28348844 -0.00000000    0.01300253 -0.00000000
  0.01300253 -0.00000000    0.01300253 -0.00000000    0.28348844 -0.00000000

     Dynamical  Matrix in cartesian axes

     q = (   -0.250000000  -0.250000000   0.250000000 ) 

    1    1
  0.28348844 -0.00000000    0.01300253 -0.00000000   -0.01300253  0.00000000
  0.01300253 -0.00000000    0.28348844 -0.00000000   -0.01300253  0.00000000
 -0.01300253  0.00000000   -0.01300253  0.00000000    0.28348844 -0.00000000
    1    2
 -0.21217805 -0.06473550    0.03886654 -0.04068262   -0.03886654  0.04068262
  0.03886654 -0.04068262   -0.21217805 -0.06473550   -0.03886654  0.04068262
 -0.03886654  0.04068262   -0.03886654  0.04068262   -0.21217805 -0.06473550
    2    1
 -0.21217805  0.06473550    0.03886654  0.04068262   -0.03886654 -0.04068262
  0.03886654  0.04068262   -0.21217805  0.06473550   -0.03886654 -0.04068262
 -0.03886654 -0.04068262   -0.03886654 -0.04068262   -0.21217805  0.06473550
    2    2
  0.28348844  0.00000000    0.01300253  0.00000000   -0.01300253 -0.00000000
  0.01300253  0.00000000    0.28348844  0.00000000   -0.01300253 -0.00000000
 -0.01300253 -0.00000000   -0.01300253 -0.00000000    0.28348844  0.00000000

     Dynamical  Matrix in cartesian axes

     q = (   -0.250000000   0.250000000   0.250000000 ) 

    1    1
  0.28348844  0.00000000   -0.01300253 -0.00000000   -0.01300253 -0.00000000
 -0.01300253 -0.00000000    0.28348844  0.00000000    0.01300253  0.00000000
 -0.01300253 -0.00000000    0.01300253  0.00000000    0.28348844  0.00000000
    1    2
 -0.21217805  0.06473550   -0.03886654 -0.04068262   -0.03886654 -0.04068262
 -0.03886654 -0.04068262   -0.21217805  0.06473550    0.03886654  0.04068262
 -0.03886654 -0.04068262    0.03886654  0.04068262   -0.21217805  0.06473550
    2    1
 -0.21217805 -0.06473550   -0.03886654  0.04068262   -0.03886654  0.04068262
 -0.03886654  0.04068262   -0.21217805 -0.06473550    0.03886654 -0.04068262
 -0.03886654  0.04068262    0.03886654 -0.04068262   -0.21217805 -0.06473550
    2    2
  0.28348844 -0.00000000   -0.01300253  0.00000000   -0.01300253  0.00000000
 -0.01300253  0.00000000    0.28348844 -0.00000000    0.01300253 -0.00000000
 -0.01300253  0.00000000    0.01300253 -0.00000000    0.28348844 -0.00000000

     Dynamical  Matrix in cartesian axes

     q = (    0.250000000   0.250000000  -0.250000000 ) 

    1    1
  0.28348844  0.00000000    0.01300253  0.00000000   -0.01300253 -0.00000000
  0.01300253  0.00000000    0.28348844  0.00000000   -0.01300253 -0.00000000
 -0.01300253 -0.00000000   -0.01300253 -0.00000000    0.28348844  0.00000000
    1    2
 -0.21217805  0.06473550    0.03886654  0.04068262   -0.03886654 -0.04068262
  0.03886654  0.04068262   -0.21217805  0.06473550   -0.03886654 -0.04068262
 -0.03886654 -0.04068262   -0.03886654 -0.04068262   -0.21217805  0.06473550
    2    1
 -0.21217805 -0.06473550    0.03886654 -0.04068262   -0.03886654  0.04068262
  0.03886654 -0.04068262   -0.21217805 -0.06473550   -0.03886654  0.04068262
 -0.03886654  0.04068262   -0.03886654  0.04068262   -0.21217805 -0.06473550
    2    2
  0.28348844 -0.00000000    0.01300253 -0.00000000   -0.01300253  0.00000000
  0.01300253 -0.00000000    0.28348844 -0.00000000   -0.01300253  0.00000000
 -0.01300253  0.00000000   -0.01300253  0.00000000    0.28348844 -0.00000000

     Diagonalizing the dynamical matrix

     q = (   -0.250000000   0.250000000  -0.250000000 ) 

 **************************************************************************
     freq (    1) =       2.780943 [THz] =      92.762259 [cm-1]
 (  0.528558  0.005168  0.465370 -0.000886 -0.063188 -0.006054 ) 
 (  0.526642 -0.045267  0.463164 -0.045267 -0.063477  0.000000 ) 
     freq (    2) =       2.780943 [THz] =      92.762259 [cm-1]
 (  0.230645  0.027129 -0.340590 -0.027602 -0.571234 -0.054731 ) 
 (  0.232181  0.005007 -0.341670  0.005007 -0.573850  0.000000 ) 
     freq (    3) =       6.848919 [THz] =     228.455349 [cm-1]
 (  0.276443  0.300409 -0.276443 -0.300409  0.276443  0.300409 ) 
 (  0.408248  0.000000 -0.408248 -0.000000  0.408248  0.000000 ) 
     freq (    4) =      14.655956 [THz] =     488.870085 [cm-1]
 (  0.276443  0.300409 -0.276443 -0.300409  0.276443  0.300409 ) 
 ( -0.408248  0.000000  0.408248  0.000000 -0.408248  0.000000 ) 
     freq (    5) =      14.865620 [THz] =     495.863715 [cm-1]
 (  0.407671 -0.134287 -0.109550 -0.183842 -0.517220 -0.049555 ) 
 ( -0.393005  0.172556  0.126584  0.172556  0.519589  0.000000 ) 
     freq (    6) =      14.865620 [THz] =     495.863715 [cm-1]
 ( -0.182405  0.340343 -0.432973  0.316336 -0.250568 -0.024007 ) 
 (  0.149113 -0.356188  0.400829 -0.356188  0.251716  0.000000 ) 
 **************************************************************************
