Dynamical matrix file
Ph                                                                         
  1    2  2 10.2000000  0.0000000  0.0000000  0.0000000  0.0000000  0.0000000
           1  'Si  '    25598.822984527003     
    1    1      0.0000000000      0.0000000000      0.0000000000
    2    1      0.2500000000      0.2500000000      0.2500000000

     Dynamical  Matrix in cartesian axes

     q = (    0.750000000  -0.250000000   0.750000000 ) 

    1    1
  0.25280630  0.00000000   -0.00694794  0.00845389    0.00707394  0.00000000
 -0.00694794 -0.00845389    0.30758036  0.00000000   -0.00694794 -0.00845389
  0.00707394  0.00000000   -0.00694794  0.00845389    0.25280630  0.00000000
    1    2
 -0.06418198  0.06654249   -0.04011237  0.04278676   -0.03987600 -0.13647223
 -0.04011237  0.04278676   -0.06364348  0.08295414   -0.04011237  0.04278676
 -0.03987600 -0.13647223   -0.04011237  0.04278676   -0.06418198  0.06654249
    2    1
 -0.06418198 -0.06654249   -0.04011237 -0.04278676   -0.03987600  0.13647223
 -0.04011237 -0.04278676   -0.06364348 -0.08295414   -0.04011237 -0.04278676
 -0.03987600  0.13647223   -0.04011237 -0.04278676   -0.06418198 -0.06654249
    2    2
  0.25280630  0.00000000   -0.00694794 -0.00845389    0.00707394  0.00000000
 -0.00694794  0.00845389    0.30758036  0.00000000   -0.00694794  0.00845389
  0.00707394  0.00000000   -0.00694794 -0.00845389    0.25280630  0.00000000

     Dynamical  Matrix in cartesian axes

     q = (    0.750000000  -0.250000000  -0.750000000 ) 

    1    1
  0.25280630  0.00000000   -0.00694794 -0.00845389   -0.00707394  0.00000000
 -0.00694794  0.00845389    0.30758036  0.00000000    0.00694794 -0.00845389
 -0.00707394  0.00000000    0.00694794  0.00845389    0.25280630  0.00000000
    1    2
 -0.06654249  0.06418198   -0.04278676  0.04011237   -0.13647223 -0.03987600
 -0.04278676  0.04011237   -0.08295414  0.06364348    0.04278676 -0.04011237
 -0.13647223 -0.03987600    0.04278676 -0.04011237   -0.06654249  0.06418198
    2    1
 -0.06654249 -0.06418198   -0.04278676 -0.04011237   -0.13647223  0.03987600
 -0.04278676 -0.04011237   -0.08295414 -0.06364348    0.04278676  0.04011237
 -0.13647223  0.03987600    0.04278676  0.04011237   -0.06654249 -0.06418198
    2    2
  0.25280630  0.00000000   -0.00694794  0.00845389   -0.00707394  0.00000000
 -0.00694794 -0.00845389    0.30758036  0.00000000    0.00694794  0.00845389
 -0.00707394  0.00000000    0.00694794 -0.00845389    0.25280630  0.00000000

     Dynamical  Matrix in cartesian axes

     q = (   -0.750000000  -0.250000000  -0.750000000 ) 

    1    1
  0.25280630  0.00000000    0.00694794 -0.00845389    0.00707394  0.00000000
  0.00694794  0.00845389    0.30758036  0.00000000    0.00694794  0.00845389
  0.00707394  0.00000000    0.00694794 -0.00845389    0.25280630  0.00000000
    1    2
  0.06654249  0.06418198   -0.04278676 -0.04011237   -0.13647223  0.03987600
 -0.04278676 -0.04011237    0.08295414  0.06364348   -0.04278676 -0.04011237
 -0.13647223  0.03987600   -0.04278676 -0.04011237    0.06654249  0.06418198
    2    1
  0.06654249 -0.06418198   -0.04278676  0.04011237   -0.13647223 -0.03987600
 -0.04278676  0.04011237    0.08295414 -0.06364348   -0.04278676  0.04011237
 -0.13647223 -0.03987600   -0.04278676  0.04011237    0.06654249 -0.06418198
    2    2
  0.25280630  0.00000000    0.00694794  0.00845389    0.00707394  0.00000000
  0.00694794 -0.00845389    0.30758036  0.00000000    0.00694794 -0.00845389
  0.00707394  0.00000000    0.00694794  0.00845389    0.25280630  0.00000000

     Dynamical  Matrix in cartesian axes

     q = (   -0.750000000  -0.250000000   0.750000000 ) 

    1    1
  0.25280630  0.00000000    0.00694794  0.00845389   -0.00707394  0.00000000
  0.00694794 -0.00845389    0.30758036  0.00000000   -0.00694794  0.00845389
 -0.00707394  0.00000000   -0.00694794 -0.00845389    0.25280630  0.00000000
    1    2
 -0.06654249  0.06418198    0.04278676 -0.04011237   -0.13647223 -0.03987600
  0.04278676 -0.04011237   -0.08295414  0.06364348   -0.04278676  0.04011237
 -0.13647223 -0.03987600   -0.04278676  0.04011237   -0.06654249  0.06418198
    2    1
 -0.06654249 -0.06418198    0.04278676  0.04011237   -0.13647223  0.03987600
  0.04278676  0.04011237   -0.08295414 -0.06364348   -0.04278676 -0.04011237
 -0.13647223  0.03987600   -0.04278676 -0.04011237   -0.06654249 -0.06418198
    2    2
  0.25280630  0.00000000    0.00694794 -0.00845389   -0.00707394  0.00000000
  0.00694794  0.00845389    0.30758036  0.00000000   -0.00694794 -0.00845389
 -0.00707394  0.00000000   -0.00694794  0.00845389    0.25280630  0.00000000

     Dynamical  Matrix in cartesian axes

     q = (   -0.750000000   0.250000000  -0.750000000 ) 

    1    1
  0.25280630  0.00000000   -0.00694794 -0.00845389    0.00707394  0.00000000
 -0.00694794  0.00845389    0.30758036  0.00000000   -0.00694794  0.00845389
  0.00707394  0.00000000   -0.00694794 -0.00845389    0.25280630  0.00000000
    1    2
 -0.06418198 -0.06654249   -0.04011237 -0.04278676   -0.03987600  0.13647223
 -0.04011237 -0.04278676   -0.06364348 -0.08295414   -0.04011237 -0.04278676
 -0.03987600  0.13647223   -0.04011237 -0.04278676   -0.06418198 -0.06654249
    2    1
 -0.06418198  0.06654249   -0.04011237  0.04278676   -0.03987600 -0.13647223
 -0.04011237  0.04278676   -0.06364348  0.08295414   -0.04011237  0.04278676
 -0.03987600 -0.13647223   -0.04011237  0.04278676   -0.06418198  0.06654249
    2    2
  0.25280630  0.00000000   -0.00694794  0.00845389    0.00707394  0.00000000
 -0.00694794 -0.00845389    0.30758036  0.00000000   -0.00694794 -0.00845389
  0.00707394  0.00000000   -0.00694794  0.00845389    0.25280630  0.00000000

     Dynamical  Matrix in cartesian axes

     q = (   -0.250000000   0.750000000  -0.750000000 ) 

    1    1
  0.30758036  0.00000000   -0.00694794  0.00845389    0.00694794 -0.00845389
 -0.00694794 -0.00845389    0.25280630  0.00000000   -0.00707394  0.00000000
  0.00694794  0.00845389   -0.00707394  0.00000000    0.25280630  0.00000000
    1    2
 -0.08295414  0.06364348   -0.04278676  0.04011237    0.04278676 -0.04011237
 -0.04278676  0.04011237   -0.06654249  0.06418198   -0.13647223 -0.03987600
  0.04278676 -0.04011237   -0.13647223 -0.03987600   -0.06654249  0.06418198
    2    1
 -0.08295414 -0.06364348   -0.04278676 -0.04011237    0.04278676  0.04011237
 -0.04278676 -0.04011237   -0.06654249 -0.06418198   -0.13647223  0.03987600
  0.04278676  0.04011237   -0.13647223  0.03987600   -0.06654249 -0.06418198
    2    2
  0.30758036  0.00000000   -0.00694794 -0.00845389    0.00694794  0.00845389
 -0.00694794  0.00845389    0.25280630  0.00000000   -0.00707394  0.00000000
  0.00694794 -0.00845389   -0.00707394  0.00000000    0.25280630  0.00000000

     Dynamical  Matrix in cartesian axes

     q = (   -0.750000000   0.750000000  -0.250000000 ) 

    1    1
  0.25280630  0.00000000   -0.00707394  0.00000000    0.00694794  0.00845389
 -0.00707394  0.00000000    0.25280630  0.00000000   -0.00694794 -0.00845389
  0.00694794 -0.00845389   -0.00694794  0.00845389    0.30758036  0.00000000
    1    2
 -0.06654249  0.06418198   -0.13647223 -0.03987600    0.04278676 -0.04011237
 -0.13647223 -0.03987600   -0.06654249  0.06418198   -0.04278676  0.04011237
  0.04278676 -0.04011237   -0.04278676  0.04011237   -0.08295414  0.06364348
    2    1
 -0.06654249 -0.06418198   -0.13647223  0.03987600    0.04278676  0.04011237
 -0.13647223  0.03987600   -0.06654249 -0.06418198   -0.04278676 -0.04011237
  0.04278676  0.04011237   -0.04278676 -0.04011237   -0.08295414 -0.06364348
    2    2
  0.25280630  0.00000000   -0.00707394  0.00000000    0.00694794 -0.00845389
 -0.00707394  0.00000000    0.25280630  0.00000000   -0.00694794  0.00845389
  0.00694794  0.00845389   -0.00694794 -0.00845389    0.30758036  0.00000000

     Dynamical  Matrix in cartesian axes

     q = (    0.750000000   0.250000000   0.750000000 ) 

    1    1
  0.25280630  0.00000000    0.00694794  0.00845389    0.00707394  0.00000000
  0.00694794 -0.00845389    0.30758036  0.00000000    0.00694794 -0.00845389
  0.00707394  0.00000000    0.00694794  0.00845389    0.25280630  0.00000000
    1    2
  0.06654249 -0.06418198   -0.04278676  0.04011237   -0.13647223 -0.03987600
 -0.04278676  0.04011237    0.08295414 -0.06364348   -0.04278676  0.04011237
 -0.13647223 -0.03987600   -0.04278676  0.04011237    0.06654249 -0.06418198
    2    1
  0.06654249  0.06418198   -0.04278676 -0.04011237   -0.13647223  0.03987600
 -0.04278676 -0.04011237    0.08295414  0.06364348   -0.04278676 -0.04011237
 -0.13647223  0.03987600   -0.04278676 -0.04011237    0.06654249  0.06418198
    2    2
  0.25280630  0.00000000    0.00694794 -0.00845389    0.00707394  0.00000000
  0.00694794  0.00845389    0.30758036  0.00000000    0.00694794  0.00845389
  0.00707394  0.00000000    0.00694794 -0.00845389    0.25280630  0.00000000

     Dynamical  Matrix in cartesian axes

     q = (   -0.750000000   0.250000000   0.750000000 ) 

    1    1
  0.25280630  0.00000000   -0.00694794  0.00845389   -0.00707394  0.00000000
 -0.00694794 -0.00845389    0.30758036  0.00000000    0.00694794  0.00845389
 -0.00707394  0.00000000    0.00694794 -0.00845389    0.25280630  0.00000000
    1    2
 -0.06654249 -0.06418198   -0.04278676 -0.04011237   -0.13647223  0.03987600
 -0.04278676 -0.04011237   -0.08295414 -0.06364348    0.04278676  0.04011237
 -0.13647223  0.03987600    0.04278676  0.04011237   -0.06654249 -0.06418198
    2    1
 -0.06654249  0.06418198   -0.04278676  0.04011237   -0.13647223 -0.03987600
 -0.04278676  0.04011237   -0.08295414  0.06364348    0.04278676 -0.04011237
 -0.13647223 -0.03987600    0.04278676 -0.04011237   -0.06654249  0.06418198
    2    2
  0.25280630  0.00000000   -0.00694794 -0.00845389   -0.00707394  0.00000000
 -0.00694794  0.00845389    0.30758036  0.00000000    0.00694794 -0.00845389
 -0.00707394  0.00000000    0.00694794  0.00845389    0.25280630  0.00000000

     Dynamical  Matrix in cartesian axes

     q = (    0.750000000   0.250000000  -0.750000000 ) 

    1    1
  0.25280630  0.00000000    0.00694794 -0.00845389   -0.00707394  0.00000000
  0.00694794  0.00845389    0.30758036  0.00000000   -0.00694794 -0.00845389
 -0.00707394  0.00000000   -0.00694794  0.00845389    0.25280630  0.00000000
    1    2
 -0.06654249 -0.06418198    0.04278676  0.04011237   -0.13647223  0.03987600
  0.04278676  0.04011237   -0.08295414 -0.06364348   -0.04278676 -0.04011237
 -0.13647223  0.03987600   -0.04278676 -0.04011237   -0.06654249 -0.06418198
    2    1
 -0.06654249  0.06418198    0.04278676 -0.04011237   -0.13647223 -0.03987600
  0.04278676 -0.04011237   -0.08295414  0.06364348   -0.04278676  0.04011237
 -0.13647223 -0.03987600   -0.04278676  0.04011237   -0.06654249  0.06418198
    2    2
  0.25280630  0.00000000    0.00694794  0.00845389   -0.00707394  0.00000000
  0.00694794 -0.00845389    0.30758036  0.00000000   -0.00694794  0.00845389
 -0.00707394  0.00000000   -0.00694794 -0.00845389    0.25280630  0.00000000

     Dynamical  Matrix in cartesian axes

     q = (   -0.750000000   0.750000000   0.250000000 ) 

    1    1
  0.25280630  0.00000000   -0.00707394  0.00000000   -0.00694794  0.00845389
 -0.00707394  0.00000000    0.25280630  0.00000000    0.00694794 -0.00845389
 -0.00694794 -0.00845389    0.00694794  0.00845389    0.30758036  0.00000000
    1    2
 -0.06654249 -0.06418198   -0.13647223  0.03987600   -0.04278676 -0.04011237
 -0.13647223  0.03987600   -0.06654249 -0.06418198    0.04278676  0.04011237
 -0.04278676 -0.04011237    0.04278676  0.04011237   -0.08295414 -0.06364348
    2    1
 -0.06654249  0.06418198   -0.13647223 -0.03987600   -0.04278676  0.04011237
 -0.13647223 -0.03987600   -0.06654249  0.06418198    0.04278676 -0.04011237
 -0.04278676  0.04011237    0.04278676 -0.04011237   -0.08295414  0.06364348
    2    2
  0.25280630  0.00000000   -0.00707394  0.00000000   -0.00694794 -0.00845389
 -0.00707394  0.00000000    0.25280630  0.00000000    0.00694794  0.00845389
 -0.00694794  0.00845389    0.00694794 -0.00845389    0.30758036  0.00000000

     Dynamical  Matrix in cartesian axes

     q = (   -0.250000000   0.750000000   0.750000000 ) 

    1    1
  0.30758036  0.00000000   -0.00694794 -0.00845389   -0.00694794 -0.00845389
 -0.00694794  0.00845389    0.25280630  0.00000000    0.00707394  0.00000000
 -0.00694794  0.00845389    0.00707394  0.00000000    0.25280630  0.00000000
    1    2
 -0.06364348  0.08295414   -0.04011237  0.04278676   -0.04011237  0.04278676
 -0.04011237  0.04278676   -0.06418198  0.06654249   -0.03987600 -0.13647223
 -0.04011237  0.04278676   -0.03987600 -0.13647223   -0.06418198  0.06654249
    2    1
 -0.06364348 -0.08295414   -0.04011237 -0.04278676   -0.04011237 -0.04278676
 -0.04011237 -0.04278676   -0.06418198 -0.06654249   -0.03987600  0.13647223
 -0.04011237 -0.04278676   -0.03987600  0.13647223   -0.06418198 -0.06654249
    2    2
  0.30758036  0.00000000   -0.00694794  0.00845389   -0.00694794  0.00845389
 -0.00694794 -0.00845389    0.25280630  0.00000000    0.00707394  0.00000000
 -0.00694794 -0.00845389    0.00707394  0.00000000    0.25280630  0.00000000

     Dynamical  Matrix in cartesian axes

     q = (    0.250000000   0.750000000  -0.750000000 ) 

    1    1
  0.30758036  0.00000000    0.00694794  0.00845389   -0.00694794 -0.00845389
  0.00694794 -0.00845389    0.25280630  0.00000000   -0.00707394  0.00000000
 -0.00694794  0.00845389   -0.00707394  0.00000000    0.25280630  0.00000000
    1    2
 -0.08295414 -0.06364348    0.04278676  0.04011237   -0.04278676 -0.04011237
  0.04278676  0.04011237   -0.06654249 -0.06418198   -0.13647223  0.03987600
 -0.04278676 -0.04011237   -0.13647223  0.03987600   -0.06654249 -0.06418198
    2    1
 -0.08295414  0.06364348    0.04278676 -0.04011237   -0.04278676  0.04011237
  0.04278676 -0.04011237   -0.06654249  0.06418198   -0.13647223 -0.03987600
 -0.04278676  0.04011237   -0.13647223 -0.03987600   -0.06654249  0.06418198
    2    2
  0.30758036  0.00000000    0.00694794 -0.00845389   -0.00694794  0.00845389
  0.00694794  0.00845389    0.25280630  0.00000000   -0.00707394  0.00000000
 -0.00694794 -0.00845389   -0.00707394  0.00000000    0.25280630  0.00000000

     Dynamical  Matrix in cartesian axes

     q = (   -0.250000000  -0.750000000  -0.750000000 ) 

    1    1
  0.30758036  0.00000000    0.00694794  0.00845389    0.00694794  0.00845389
  0.00694794 -0.00845389    0.25280630  0.00000000    0.00707394  0.00000000
  0.00694794 -0.00845389    0.00707394  0.00000000    0.25280630  0.00000000
    1    2
  0.08295414  0.06364348   -0.04278676 -0.04011237   -0.04278676 -0.04011237
 -0.04278676 -0.04011237    0.06654249  0.06418198   -0.13647223  0.03987600
 -0.04278676 -0.04011237   -0.13647223  0.03987600    0.06654249  0.06418198
    2    1
  0.08295414 -0.06364348   -0.04278676  0.04011237   -0.04278676  0.04011237
 -0.04278676  0.04011237    0.06654249 -0.06418198   -0.13647223 -0.03987600
 -0.04278676  0.04011237   -0.13647223 -0.03987600    0.06654249 -0.06418198
    2    2
  0.30758036  0.00000000    0.00694794 -0.00845389    0.00694794 -0.00845389
  0.00694794  0.00845389    0.25280630  0.00000000    0.00707394  0.00000000
  0.00694794  0.00845389    0.00707394  0.00000000    0.25280630  0.00000000

     Dynamical  Matrix in cartesian axes

     q = (    0.750000000   0.750000000  -0.250000000 ) 

    1    1
  0.25280630  0.00000000    0.00707394  0.00000000   -0.00694794  0.00845389
  0.00707394  0.00000000    0.25280630  0.00000000   -0.00694794  0.00845389
 -0.00694794 -0.00845389   -0.00694794 -0.00845389    0.30758036  0.00000000
    1    2
 -0.06418198  0.06654249   -0.03987600 -0.13647223   -0.04011237  0.04278676
 -0.03987600 -0.13647223   -0.06418198  0.06654249   -0.04011237  0.04278676
 -0.04011237  0.04278676   -0.04011237  0.04278676   -0.06364348  0.08295414
    2    1
 -0.06418198 -0.06654249   -0.03987600  0.13647223   -0.04011237 -0.04278676
 -0.03987600  0.13647223   -0.06418198 -0.06654249   -0.04011237 -0.04278676
 -0.04011237 -0.04278676   -0.04011237 -0.04278676   -0.06364348 -0.08295414
    2    2
  0.25280630  0.00000000    0.00707394  0.00000000   -0.00694794 -0.00845389
  0.00707394  0.00000000    0.25280630  0.00000000   -0.00694794 -0.00845389
 -0.00694794  0.00845389   -0.00694794  0.00845389    0.30758036  0.00000000

     Dynamical  Matrix in cartesian axes

     q = (    0.750000000  -0.750000000   0.250000000 ) 

    1    1
  0.25280630  0.00000000   -0.00707394  0.00000000    0.00694794 -0.00845389
 -0.00707394  0.00000000    0.25280630  0.00000000   -0.00694794  0.00845389
  0.00694794  0.00845389   -0.00694794 -0.00845389    0.30758036  0.00000000
    1    2
 -0.06654249 -0.06418198   -0.13647223  0.03987600    0.04278676  0.04011237
 -0.13647223  0.03987600   -0.06654249 -0.06418198   -0.04278676 -0.04011237
  0.04278676  0.04011237   -0.04278676 -0.04011237   -0.08295414 -0.06364348
    2    1
 -0.06654249  0.06418198   -0.13647223 -0.03987600    0.04278676 -0.04011237
 -0.13647223 -0.03987600   -0.06654249  0.06418198   -0.04278676  0.04011237
  0.04278676 -0.04011237   -0.04278676  0.04011237   -0.08295414  0.06364348
    2    2
  0.25280630  0.00000000   -0.00707394  0.00000000    0.00694794  0.00845389
 -0.00707394  0.00000000    0.25280630  0.00000000   -0.00694794 -0.00845389
  0.00694794 -0.00845389   -0.00694794  0.00845389    0.30758036  0.00000000

     Dynamical  Matrix in cartesian axes

     q = (   -0.750000000  -0.750000000  -0.250000000 ) 

    1    1
  0.25280630  0.00000000    0.00707394  0.00000000    0.00694794 -0.00845389
  0.00707394  0.00000000    0.25280630  0.00000000    0.00694794 -0.00845389
  0.00694794  0.00845389    0.00694794  0.00845389    0.30758036  0.00000000
    1    2
  0.06654249  0.06418198   -0.13647223  0.03987600   -0.04278676 -0.04011237
 -0.13647223  0.03987600    0.06654249  0.06418198   -0.04278676 -0.04011237
 -0.04278676 -0.04011237   -0.04278676 -0.04011237    0.08295414  0.06364348
    2    1
  0.06654249 -0.06418198   -0.13647223 -0.03987600   -0.04278676  0.04011237
 -0.13647223 -0.03987600    0.06654249 -0.06418198   -0.04278676  0.04011237
 -0.04278676  0.04011237   -0.04278676  0.04011237    0.08295414 -0.06364348
    2    2
  0.25280630  0.00000000    0.00707394  0.00000000    0.00694794  0.00845389
  0.00707394  0.00000000    0.25280630  0.00000000    0.00694794  0.00845389
  0.00694794 -0.00845389    0.00694794 -0.00845389    0.30758036  0.00000000

     Dynamical  Matrix in cartesian axes

     q = (    0.250000000  -0.750000000   0.750000000 ) 

    1    1
  0.30758036  0.00000000   -0.00694794 -0.00845389    0.00694794  0.00845389
 -0.00694794  0.00845389    0.25280630  0.00000000   -0.00707394  0.00000000
  0.00694794 -0.00845389   -0.00707394  0.00000000    0.25280630  0.00000000
    1    2
 -0.08295414 -0.06364348   -0.04278676 -0.04011237    0.04278676  0.04011237
 -0.04278676 -0.04011237   -0.06654249 -0.06418198   -0.13647223  0.03987600
  0.04278676  0.04011237   -0.13647223  0.03987600   -0.06654249 -0.06418198
    2    1
 -0.08295414  0.06364348   -0.04278676  0.04011237    0.04278676 -0.04011237
 -0.04278676  0.04011237   -0.06654249  0.06418198   -0.13647223 -0.03987600
  0.04278676 -0.04011237   -0.13647223 -0.03987600   -0.06654249  0.06418198
    2    2
  0.30758036  0.00000000   -0.00694794  0.00845389    0.00694794 -0.00845389
 -0.00694794 -0.00845389    0.25280630  0.00000000   -0.00707394  0.00000000
  0.00694794  0.00845389   -0.00707394  0.00000000    0.25280630  0.00000000

     Dynamical  Matrix in cartesian axes

     q = (   -0.750000000  -0.750000000   0.250000000 ) 

    1    1
  0.25280630  0.00000000    0.00707394  0.00000000   -0.00694794 -0.00845389
  0.00707394  0.00000000    0.25280630  0.00000000   -0.00694794 -0.00845389
 -0.00694794  0.00845389   -0.00694794  0.00845389    0.30758036  0.00000000
    1    2
 -0.06418198 -0.06654249   -0.03987600  0.13647223   -0.04011237 -0.04278676
 -0.03987600  0.13647223   -0.06418198 -0.06654249   -0.04011237 -0.04278676
 -0.04011237 -0.04278676   -0.04011237 -0.04278676   -0.06364348 -0.08295414
    2    1
 -0.06418198  0.06654249   -0.03987600 -0.13647223   -0.04011237  0.04278676
 -0.03987600 -0.13647223   -0.06418198  0.06654249   -0.04011237  0.04278676
 -0.04011237  0.04278676   -0.04011237  0.04278676   -0.06364348  0.08295414
    2    2
  0.25280630  0.00000000    0.00707394  0.00000000   -0.00694794  0.00845389
  0.00707394  0.00000000    0.25280630  0.00000000   -0.00694794  0.00845389
 -0.00694794 -0.00845389   -0.00694794 -0.00845389    0.30758036  0.00000000

     Dynamical  Matrix in cartesian axes

     q = (    0.250000000   0.750000000   0.750000000 ) 

    1    1
  0.30758036  0.00000000    0.00694794 -0.00845389    0.00694794 -0.00845389
  0.00694794  0.00845389    0.25280630  0.00000000    0.00707394  0.00000000
  0.00694794  0.00845389    0.00707394  0.00000000    0.25280630  0.00000000
    1    2
  0.08295414 -0.06364348   -0.04278676  0.04011237   -0.04278676  0.04011237
 -0.04278676  0.04011237    0.06654249 -0.06418198   -0.13647223 -0.03987600
 -0.04278676  0.04011237   -0.13647223 -0.03987600    0.06654249 -0.06418198
    2    1
  0.08295414  0.06364348   -0.04278676 -0.04011237   -0.04278676 -0.04011237
 -0.04278676 -0.04011237    0.06654249  0.06418198   -0.13647223  0.03987600
 -0.04278676 -0.04011237   -0.13647223  0.03987600    0.06654249  0.06418198
    2    2
  0.30758036  0.00000000    0.00694794  0.00845389    0.00694794  0.00845389
  0.00694794 -0.00845389    0.25280630  0.00000000    0.00707394  0.00000000
  0.00694794 -0.00845389    0.00707394  0.00000000    0.25280630  0.00000000

     Dynamical  Matrix in cartesian axes

     q = (   -0.250000000  -0.750000000   0.750000000 ) 

    1    1
  0.30758036  0.00000000    0.00694794 -0.00845389   -0.00694794  0.00845389
  0.00694794  0.00845389    0.25280630  0.00000000   -0.00707394  0.00000000
 -0.00694794 -0.00845389   -0.00707394  0.00000000    0.25280630  0.00000000
    1    2
 -0.08295414  0.06364348    0.04278676 -0.04011237   -0.04278676  0.04011237
  0.04278676 -0.04011237   -0.06654249  0.06418198   -0.13647223 -0.03987600
 -0.04278676  0.04011237   -0.13647223 -0.03987600   -0.06654249  0.06418198
    2    1
 -0.08295414 -0.06364348    0.04278676  0.04011237   -0.04278676 -0.04011237
  0.04278676  0.04011237   -0.06654249 -0.06418198   -0.13647223  0.03987600
 -0.04278676 -0.04011237   -0.13647223  0.03987600   -0.06654249 -0.06418198
    2    2
  0.30758036  0.00000000    0.00694794  0.00845389   -0.00694794 -0.00845389
  0.00694794 -0.00845389    0.25280630  0.00000000   -0.00707394  0.00000000
 -0.00694794  0.00845389   -0.00707394  0.00000000    0.25280630  0.00000000

     Dynamical  Matrix in cartesian axes

     q = (    0.750000000   0.750000000   0.250000000 ) 

    1    1
  0.25280630  0.00000000    0.00707394  0.00000000    0.00694794  0.00845389
  0.00707394  0.00000000    0.25280630  0.00000000    0.00694794  0.00845389
  0.00694794 -0.00845389    0.00694794 -0.00845389    0.30758036  0.00000000
    1    2
  0.06654249 -0.06418198   -0.13647223 -0.03987600   -0.04278676  0.04011237
 -0.13647223 -0.03987600    0.06654249 -0.06418198   -0.04278676  0.04011237
 -0.04278676  0.04011237   -0.04278676  0.04011237    0.08295414 -0.06364348
    2    1
  0.06654249  0.06418198   -0.13647223  0.03987600   -0.04278676 -0.04011237
 -0.13647223  0.03987600    0.06654249  0.06418198   -0.04278676 -0.04011237
 -0.04278676 -0.04011237   -0.04278676 -0.04011237    0.08295414  0.06364348
    2    2
  0.25280630  0.00000000    0.00707394  0.00000000    0.00694794 -0.00845389
  0.00707394  0.00000000    0.25280630  0.00000000    0.00694794 -0.00845389
  0.00694794  0.00845389    0.00694794  0.00845389    0.30758036  0.00000000

     Dynamical  Matrix in cartesian axes

     q = (    0.250000000  -0.750000000  -0.750000000 ) 

    1    1
  0.30758036  0.00000000   -0.00694794  0.00845389   -0.00694794  0.00845389
 -0.00694794 -0.00845389    0.25280630  0.00000000    0.00707394  0.00000000
 -0.00694794 -0.00845389    0.00707394  0.00000000    0.25280630  0.00000000
    1    2
 -0.06364348 -0.08295414   -0.04011237 -0.04278676   -0.04011237 -0.04278676
 -0.04011237 -0.04278676   -0.06418198 -0.06654249   -0.03987600  0.13647223
 -0.04011237 -0.04278676   -0.03987600  0.13647223   -0.06418198 -0.06654249
    2    1
 -0.06364348  0.08295414   -0.04011237  0.04278676   -0.04011237  0.04278676
 -0.04011237  0.04278676   -0.06418198  0.06654249   -0.03987600 -0.13647223
 -0.04011237  0.04278676   -0.03987600 -0.13647223   -0.06418198  0.06654249
    2    2
  0.30758036  0.00000000   -0.00694794 -0.00845389   -0.00694794 -0.00845389
 -0.00694794  0.00845389    0.25280630  0.00000000    0.00707394  0.00000000
 -0.00694794  0.00845389    0.00707394  0.00000000    0.25280630  0.00000000

     Dynamical  Matrix in cartesian axes

     q = (    0.750000000  -0.750000000  -0.250000000 ) 

    1    1
  0.25280630  0.00000000   -0.00707394  0.00000000   -0.00694794 -0.00845389
 -0.00707394  0.00000000    0.25280630  0.00000000    0.00694794  0.00845389
 -0.00694794  0.00845389    0.00694794 -0.00845389    0.30758036  0.00000000
    1    2
 -0.06654249  0.06418198   -0.13647223 -0.03987600   -0.04278676  0.04011237
 -0.13647223 -0.03987600   -0.06654249  0.06418198    0.04278676 -0.04011237
 -0.04278676  0.04011237    0.04278676 -0.04011237   -0.08295414  0.06364348
    2    1
 -0.06654249 -0.06418198   -0.13647223  0.03987600   -0.04278676 -0.04011237
 -0.13647223  0.03987600   -0.06654249 -0.06418198    0.04278676  0.04011237
 -0.04278676 -0.04011237    0.04278676  0.04011237   -0.08295414 -0.06364348
    2    2
  0.25280630  0.00000000   -0.00707394  0.00000000   -0.00694794  0.00845389
 -0.00707394  0.00000000    0.25280630  0.00000000    0.00694794 -0.00845389
 -0.00694794 -0.00845389    0.00694794  0.00845389    0.30758036  0.00000000

     Diagonalizing the dynamical matrix

     q = (    0.750000000  -0.250000000   0.750000000 ) 

 **************************************************************************
     freq (    1) =       4.177060 [THz] =     139.331717 [cm-1]
 ( -0.059438  0.496455  0.000000 -0.000000  0.059438 -0.496455 ) 
 ( -0.500000 -0.000000  0.000000 -0.000000  0.500000  0.000000 ) 
     freq (    2) =       6.163023 [THz] =     205.576305 [cm-1]
 ( -0.395743 -0.141035 -0.350867  0.154549 -0.395743 -0.141035 ) 
 ( -0.420123 -0.000000 -0.278624 -0.263366 -0.420123  0.000000 ) 
     freq (    3) =       9.519302 [THz] =     317.529722 [cm-1]
 ( -0.087984  0.302903 -0.401173 -0.374269 -0.087984  0.302903 ) 
 (  0.315423 -0.000000 -0.247511 -0.489648  0.315423  0.000000 ) 
     freq (    4) =      12.273790 [THz] =     409.409578 [cm-1]
 ( -0.117548 -0.317198  0.408711  0.322631 -0.117548 -0.317198 ) 
 (  0.338278  0.000000 -0.444548 -0.271132  0.338278  0.000000 ) 
     freq (    5) =      13.796417 [THz] =     460.198922 [cm-1]
 ( -0.059438  0.496455 -0.000000 -0.000000  0.059438 -0.496455 ) 
 (  0.500000  0.000000 -0.000000 -0.000000 -0.500000  0.000000 ) 
     freq (    6) =      14.163099 [THz] =     472.430142 [cm-1]
 (  0.298307  0.143476  0.480718 -0.223080  0.298307  0.143476 ) 
 ( -0.331018 -0.000000 -0.336523 -0.409398 -0.331018  0.000000 ) 
 **************************************************************************
