Dynamical matrix file
Ph                                                                         
  1    2   2  10.2000000   0.0000000   0.0000000   0.0000000   0.0000000   0.0000000
           1  'Si     '    25598.823011949724     
    1    1      0.0000000000      0.0000000000      0.0000000000
    2    1      0.2500000000      0.2500000000      0.2500000000

     Dynamical  Matrix in cartesian axes

     q = (   -0.250000000   0.250000000  -0.250000000 ) 

    1    1
  0.28348839   0.00000000    -0.01300260   0.00000000     0.01300260   0.00000000
 -0.01300260   0.00000000     0.28348839   0.00000000    -0.01300260   0.00000000
  0.01300260   0.00000000    -0.01300260   0.00000000     0.28348839   0.00000000
    1    2
 -0.21217808  -0.06473592    -0.03886648   0.04068304     0.03886648  -0.04068304
 -0.03886648   0.04068304    -0.21217808  -0.06473592    -0.03886648   0.04068304
  0.03886648  -0.04068304    -0.03886648   0.04068304    -0.21217808  -0.06473592
    2    1
 -0.21217808   0.06473592    -0.03886648  -0.04068304     0.03886648   0.04068304
 -0.03886648  -0.04068304    -0.21217808   0.06473592    -0.03886648  -0.04068304
  0.03886648   0.04068304    -0.03886648  -0.04068304    -0.21217808   0.06473592
    2    2
  0.28348839   0.00000000    -0.01300260   0.00000000     0.01300260   0.00000000
 -0.01300260   0.00000000     0.28348839   0.00000000    -0.01300260   0.00000000
  0.01300260   0.00000000    -0.01300260   0.00000000     0.28348839   0.00000000

     Dynamical  Matrix in cartesian axes

     q = (    0.250000000  -0.250000000  -0.250000000 ) 

    1    1
  0.28348839   0.00000000    -0.01300260   0.00000000    -0.01300260   0.00000000
 -0.01300260   0.00000000     0.28348839   0.00000000     0.01300260   0.00000000
 -0.01300260   0.00000000     0.01300260   0.00000000     0.28348839   0.00000000
    1    2
 -0.21217808  -0.06473592    -0.03886648   0.04068304    -0.03886648   0.04068304
 -0.03886648   0.04068304    -0.21217808  -0.06473592     0.03886648  -0.04068304
 -0.03886648   0.04068304     0.03886648  -0.04068304    -0.21217808  -0.06473592
    2    1
 -0.21217808   0.06473592    -0.03886648  -0.04068304    -0.03886648  -0.04068304
 -0.03886648  -0.04068304    -0.21217808   0.06473592     0.03886648   0.04068304
 -0.03886648  -0.04068304     0.03886648   0.04068304    -0.21217808   0.06473592
    2    2
  0.28348839   0.00000000    -0.01300260   0.00000000    -0.01300260   0.00000000
 -0.01300260   0.00000000     0.28348839   0.00000000     0.01300260   0.00000000
 -0.01300260   0.00000000     0.01300260   0.00000000     0.28348839   0.00000000

     Dynamical  Matrix in cartesian axes

     q = (    0.250000000  -0.250000000   0.250000000 ) 

    1    1
  0.28348839   0.00000000    -0.01300260   0.00000000     0.01300260   0.00000000
 -0.01300260   0.00000000     0.28348839   0.00000000    -0.01300260   0.00000000
  0.01300260   0.00000000    -0.01300260   0.00000000     0.28348839   0.00000000
    1    2
 -0.21217808   0.06473592    -0.03886648  -0.04068304     0.03886648   0.04068304
 -0.03886648  -0.04068304    -0.21217808   0.06473592    -0.03886648  -0.04068304
  0.03886648   0.04068304    -0.03886648  -0.04068304    -0.21217808   0.06473592
    2    1
 -0.21217808  -0.06473592    -0.03886648   0.04068304     0.03886648  -0.04068304
 -0.03886648   0.04068304    -0.21217808  -0.06473592    -0.03886648   0.04068304
  0.03886648  -0.04068304    -0.03886648   0.04068304    -0.21217808  -0.06473592
    2    2
  0.28348839   0.00000000    -0.01300260   0.00000000     0.01300260   0.00000000
 -0.01300260   0.00000000     0.28348839   0.00000000    -0.01300260   0.00000000
  0.01300260   0.00000000    -0.01300260   0.00000000     0.28348839   0.00000000

     Dynamical  Matrix in cartesian axes

     q = (    0.250000000   0.250000000   0.250000000 ) 

    1    1
  0.28348839   0.00000000     0.01300260   0.00000000     0.01300260   0.00000000
  0.01300260   0.00000000     0.28348839   0.00000000     0.01300260   0.00000000
  0.01300260   0.00000000     0.01300260   0.00000000     0.28348839   0.00000000
    1    2
 -0.06473592   0.21217808    -0.04068304  -0.03886648    -0.04068304  -0.03886648
 -0.04068304  -0.03886648    -0.06473592   0.21217808    -0.04068304  -0.03886648
 -0.04068304  -0.03886648    -0.04068304  -0.03886648    -0.06473592   0.21217808
    2    1
 -0.06473592  -0.21217808    -0.04068304   0.03886648    -0.04068304   0.03886648
 -0.04068304   0.03886648    -0.06473592  -0.21217808    -0.04068304   0.03886648
 -0.04068304   0.03886648    -0.04068304   0.03886648    -0.06473592  -0.21217808
    2    2
  0.28348839   0.00000000     0.01300260   0.00000000     0.01300260   0.00000000
  0.01300260   0.00000000     0.28348839   0.00000000     0.01300260   0.00000000
  0.01300260   0.00000000     0.01300260   0.00000000     0.28348839   0.00000000

     Dynamical  Matrix in cartesian axes

     q = (   -0.250000000  -0.250000000  -0.250000000 ) 

    1    1
  0.28348839   0.00000000     0.01300260   0.00000000     0.01300260   0.00000000
  0.01300260   0.00000000     0.28348839   0.00000000     0.01300260   0.00000000
  0.01300260   0.00000000     0.01300260   0.00000000     0.28348839   0.00000000
    1    2
 -0.06473592  -0.21217808    -0.04068304   0.03886648    -0.04068304   0.03886648
 -0.04068304   0.03886648    -0.06473592  -0.21217808    -0.04068304   0.03886648
 -0.04068304   0.03886648    -0.04068304   0.03886648    -0.06473592  -0.21217808
    2    1
 -0.06473592   0.21217808    -0.04068304  -0.03886648    -0.04068304  -0.03886648
 -0.04068304  -0.03886648    -0.06473592   0.21217808    -0.04068304  -0.03886648
 -0.04068304  -0.03886648    -0.04068304  -0.03886648    -0.06473592   0.21217808
    2    2
  0.28348839   0.00000000     0.01300260   0.00000000     0.01300260   0.00000000
  0.01300260   0.00000000     0.28348839   0.00000000     0.01300260   0.00000000
  0.01300260   0.00000000     0.01300260   0.00000000     0.28348839   0.00000000

     Dynamical  Matrix in cartesian axes

     q = (   -0.250000000  -0.250000000   0.250000000 ) 

    1    1
  0.28348839   0.00000000     0.01300260   0.00000000    -0.01300260   0.00000000
  0.01300260   0.00000000     0.28348839   0.00000000    -0.01300260   0.00000000
 -0.01300260   0.00000000    -0.01300260   0.00000000     0.28348839   0.00000000
    1    2
 -0.21217808  -0.06473592     0.03886648  -0.04068304    -0.03886648   0.04068304
  0.03886648  -0.04068304    -0.21217808  -0.06473592    -0.03886648   0.04068304
 -0.03886648   0.04068304    -0.03886648   0.04068304    -0.21217808  -0.06473592
    2    1
 -0.21217808   0.06473592     0.03886648   0.04068304    -0.03886648  -0.04068304
  0.03886648   0.04068304    -0.21217808   0.06473592    -0.03886648  -0.04068304
 -0.03886648  -0.04068304    -0.03886648  -0.04068304    -0.21217808   0.06473592
    2    2
  0.28348839   0.00000000     0.01300260   0.00000000    -0.01300260   0.00000000
  0.01300260   0.00000000     0.28348839   0.00000000    -0.01300260   0.00000000
 -0.01300260   0.00000000    -0.01300260   0.00000000     0.28348839   0.00000000

     Dynamical  Matrix in cartesian axes

     q = (   -0.250000000   0.250000000   0.250000000 ) 

    1    1
  0.28348839   0.00000000    -0.01300260   0.00000000    -0.01300260   0.00000000
 -0.01300260   0.00000000     0.28348839   0.00000000     0.01300260   0.00000000
 -0.01300260   0.00000000     0.01300260   0.00000000     0.28348839   0.00000000
    1    2
 -0.21217808   0.06473592    -0.03886648  -0.04068304    -0.03886648  -0.04068304
 -0.03886648  -0.04068304    -0.21217808   0.06473592     0.03886648   0.04068304
 -0.03886648  -0.04068304     0.03886648   0.04068304    -0.21217808   0.06473592
    2    1
 -0.21217808  -0.06473592    -0.03886648   0.04068304    -0.03886648   0.04068304
 -0.03886648   0.04068304    -0.21217808  -0.06473592     0.03886648  -0.04068304
 -0.03886648   0.04068304     0.03886648  -0.04068304    -0.21217808  -0.06473592
    2    2
  0.28348839   0.00000000    -0.01300260   0.00000000    -0.01300260   0.00000000
 -0.01300260   0.00000000     0.28348839   0.00000000     0.01300260   0.00000000
 -0.01300260   0.00000000     0.01300260   0.00000000     0.28348839   0.00000000

     Dynamical  Matrix in cartesian axes

     q = (    0.250000000   0.250000000  -0.250000000 ) 

    1    1
  0.28348839   0.00000000     0.01300260   0.00000000    -0.01300260   0.00000000
  0.01300260   0.00000000     0.28348839   0.00000000    -0.01300260   0.00000000
 -0.01300260   0.00000000    -0.01300260   0.00000000     0.28348839   0.00000000
    1    2
 -0.21217808   0.06473592     0.03886648   0.04068304    -0.03886648  -0.04068304
  0.03886648   0.04068304    -0.21217808   0.06473592    -0.03886648  -0.04068304
 -0.03886648  -0.04068304    -0.03886648  -0.04068304    -0.21217808   0.06473592
    2    1
 -0.21217808  -0.06473592     0.03886648  -0.04068304    -0.03886648   0.04068304
  0.03886648  -0.04068304    -0.21217808  -0.06473592    -0.03886648   0.04068304
 -0.03886648   0.04068304    -0.03886648   0.04068304    -0.21217808  -0.06473592
    2    2
  0.28348839   0.00000000     0.01300260   0.00000000    -0.01300260   0.00000000
  0.01300260   0.00000000     0.28348839   0.00000000    -0.01300260   0.00000000
 -0.01300260   0.00000000    -0.01300260   0.00000000     0.28348839   0.00000000

     Diagonalizing the dynamical matrix

     q = (   -0.250000000   0.250000000  -0.250000000 ) 

 **************************************************************************
     freq (    1) =       2.780935 [THz] =      92.762002 [cm-1]
 ( -0.222414 -0.034467  0.347716  0.020158  0.570130  0.054625 ) 
 ( -0.224687 -0.013097  0.348053 -0.013097  0.572740 -0.000000 ) 
     freq (    2) =       2.780935 [THz] =      92.762002 [cm-1]
 ( -0.529046  0.052803 -0.456564  0.059748  0.072481  0.006945 ) 
 ( -0.521598  0.103020 -0.448785  0.103020  0.072813  0.000000 ) 
     freq (    3) =       6.848889 [THz] =     228.454358 [cm-1]
 ( -0.276442 -0.300411  0.276442  0.300411 -0.276442 -0.300411 ) 
 ( -0.408248 -0.000000  0.408248  0.000000 -0.408248  0.000000 ) 
     freq (    4) =      14.655973 [THz] =     488.870624 [cm-1]
 ( -0.276442 -0.300411  0.276442  0.300411 -0.276442 -0.300411 ) 
 (  0.408248  0.000000 -0.408248  0.000000  0.408248  0.000000 ) 
     freq (    5) =      14.865618 [THz] =     495.863645 [cm-1]
 (  0.250253  0.064365 -0.321429  0.009591 -0.571683 -0.054774 ) 
 ( -0.255251 -0.040204  0.319049 -0.040204  0.574301  0.000000 ) 
     freq (    6) =      14.865618 [THz] =     495.863645 [cm-1]
 (  0.374381 -0.355532  0.315390 -0.361184 -0.058991 -0.005652 ) 
 ( -0.338765  0.389617 -0.279504  0.389617  0.059261  0.000000 ) 
 **************************************************************************
