Dynamical matrix file
Ph                                                                         
  1    2   2  10.2000000   0.0000000   0.0000000   0.0000000   0.0000000   0.0000000
           1  'Si     '    25598.823011949724     
    1    1      0.0000000000      0.0000000000      0.0000000000
    2    1      0.2500000000      0.2500000000      0.2500000000

     Dynamical  Matrix in cartesian axes

     q = (    0.750000000  -0.250000000   0.750000000 ) 

    1    1
  0.25280640   0.00000000    -0.00694802   0.00845395     0.00707419   0.00000000
 -0.00694802  -0.00845395     0.30758047   0.00000000    -0.00694802  -0.00845395
  0.00707419   0.00000000    -0.00694802   0.00845395     0.25280640   0.00000000
    1    2
 -0.06418202   0.06654238    -0.04011263   0.04278690    -0.03987612  -0.13647232
 -0.04011263   0.04278690    -0.06364335   0.08295365    -0.04011263   0.04278690
 -0.03987612  -0.13647232    -0.04011263   0.04278690    -0.06418202   0.06654238
    2    1
 -0.06418202  -0.06654238    -0.04011263  -0.04278690    -0.03987612   0.13647232
 -0.04011263  -0.04278690    -0.06364335  -0.08295365    -0.04011263  -0.04278690
 -0.03987612   0.13647232    -0.04011263  -0.04278690    -0.06418202  -0.06654238
    2    2
  0.25280640  -0.00000000    -0.00694802  -0.00845395     0.00707419  -0.00000000
 -0.00694802   0.00845395     0.30758047  -0.00000000    -0.00694802   0.00845395
  0.00707419  -0.00000000    -0.00694802  -0.00845395     0.25280640  -0.00000000

     Dynamical  Matrix in cartesian axes

     q = (    0.750000000  -0.250000000  -0.750000000 ) 

    1    1
  0.25280640   0.00000000    -0.00694802  -0.00845395    -0.00707419   0.00000000
 -0.00694802   0.00845395     0.30758047  -0.00000000     0.00694802  -0.00845395
 -0.00707419   0.00000000     0.00694802   0.00845395     0.25280640   0.00000000
    1    2
 -0.06654238   0.06418202    -0.04278690   0.04011263    -0.13647232  -0.03987612
 -0.04278690   0.04011263    -0.08295365   0.06364335     0.04278690  -0.04011263
 -0.13647232  -0.03987612     0.04278690  -0.04011263    -0.06654238   0.06418202
    2    1
 -0.06654238  -0.06418202    -0.04278690  -0.04011263    -0.13647232   0.03987612
 -0.04278690  -0.04011263    -0.08295365  -0.06364335     0.04278690   0.04011263
 -0.13647232   0.03987612     0.04278690   0.04011263    -0.06654238  -0.06418202
    2    2
  0.25280640   0.00000000    -0.00694802   0.00845395    -0.00707419   0.00000000
 -0.00694802  -0.00845395     0.30758047   0.00000000     0.00694802   0.00845395
 -0.00707419   0.00000000     0.00694802  -0.00845395     0.25280640   0.00000000

     Dynamical  Matrix in cartesian axes

     q = (   -0.750000000  -0.250000000  -0.750000000 ) 

    1    1
  0.25280640  -0.00000000     0.00694802  -0.00845395     0.00707419  -0.00000000
  0.00694802   0.00845395     0.30758047  -0.00000000     0.00694802   0.00845395
  0.00707419  -0.00000000     0.00694802  -0.00845395     0.25280640  -0.00000000
    1    2
  0.06654238   0.06418202    -0.04278690  -0.04011263    -0.13647232   0.03987612
 -0.04278690  -0.04011263     0.08295365   0.06364335    -0.04278690  -0.04011263
 -0.13647232   0.03987612    -0.04278690  -0.04011263     0.06654238   0.06418202
    2    1
  0.06654238  -0.06418202    -0.04278690   0.04011263    -0.13647232  -0.03987612
 -0.04278690   0.04011263     0.08295365  -0.06364335    -0.04278690   0.04011263
 -0.13647232  -0.03987612    -0.04278690   0.04011263     0.06654238  -0.06418202
    2    2
  0.25280640   0.00000000     0.00694802   0.00845395     0.00707419   0.00000000
  0.00694802  -0.00845395     0.30758047   0.00000000     0.00694802  -0.00845395
  0.00707419   0.00000000     0.00694802   0.00845395     0.25280640   0.00000000

     Dynamical  Matrix in cartesian axes

     q = (   -0.750000000  -0.250000000   0.750000000 ) 

    1    1
  0.25280640   0.00000000     0.00694802   0.00845395    -0.00707419   0.00000000
  0.00694802  -0.00845395     0.30758047   0.00000000    -0.00694802   0.00845395
 -0.00707419   0.00000000    -0.00694802  -0.00845395     0.25280640   0.00000000
    1    2
 -0.06654238   0.06418202     0.04278690  -0.04011263    -0.13647232  -0.03987612
  0.04278690  -0.04011263    -0.08295365   0.06364335    -0.04278690   0.04011263
 -0.13647232  -0.03987612    -0.04278690   0.04011263    -0.06654238   0.06418202
    2    1
 -0.06654238  -0.06418202     0.04278690   0.04011263    -0.13647232   0.03987612
  0.04278690   0.04011263    -0.08295365  -0.06364335    -0.04278690  -0.04011263
 -0.13647232   0.03987612    -0.04278690  -0.04011263    -0.06654238  -0.06418202
    2    2
  0.25280640   0.00000000     0.00694802  -0.00845395    -0.00707419   0.00000000
  0.00694802   0.00845395     0.30758047  -0.00000000    -0.00694802  -0.00845395
 -0.00707419   0.00000000    -0.00694802   0.00845395     0.25280640   0.00000000

     Dynamical  Matrix in cartesian axes

     q = (   -0.750000000   0.250000000  -0.750000000 ) 

    1    1
  0.25280640  -0.00000000    -0.00694802  -0.00845395     0.00707419  -0.00000000
 -0.00694802   0.00845395     0.30758047  -0.00000000    -0.00694802   0.00845395
  0.00707419  -0.00000000    -0.00694802  -0.00845395     0.25280640  -0.00000000
    1    2
 -0.06418202  -0.06654238    -0.04011263  -0.04278690    -0.03987612   0.13647232
 -0.04011263  -0.04278690    -0.06364335  -0.08295365    -0.04011263  -0.04278690
 -0.03987612   0.13647232    -0.04011263  -0.04278690    -0.06418202  -0.06654238
    2    1
 -0.06418202   0.06654238    -0.04011263   0.04278690    -0.03987612  -0.13647232
 -0.04011263   0.04278690    -0.06364335   0.08295365    -0.04011263   0.04278690
 -0.03987612  -0.13647232    -0.04011263   0.04278690    -0.06418202   0.06654238
    2    2
  0.25280640   0.00000000    -0.00694802   0.00845395     0.00707419   0.00000000
 -0.00694802  -0.00845395     0.30758047   0.00000000    -0.00694802  -0.00845395
  0.00707419   0.00000000    -0.00694802   0.00845395     0.25280640   0.00000000

     Dynamical  Matrix in cartesian axes

     q = (   -0.250000000   0.750000000  -0.750000000 ) 

    1    1
  0.30758047  -0.00000000    -0.00694802   0.00845395     0.00694802  -0.00845395
 -0.00694802  -0.00845395     0.25280640  -0.00000000    -0.00707419   0.00000000
  0.00694802   0.00845395    -0.00707419   0.00000000     0.25280640  -0.00000000
    1    2
 -0.08295365   0.06364335    -0.04278690   0.04011263     0.04278690  -0.04011263
 -0.04278690   0.04011263    -0.06654238   0.06418202    -0.13647232  -0.03987612
  0.04278690  -0.04011263    -0.13647232  -0.03987612    -0.06654238   0.06418202
    2    1
 -0.08295365  -0.06364335    -0.04278690  -0.04011263     0.04278690   0.04011263
 -0.04278690  -0.04011263    -0.06654238  -0.06418202    -0.13647232   0.03987612
  0.04278690   0.04011263    -0.13647232   0.03987612    -0.06654238  -0.06418202
    2    2
  0.30758047   0.00000000    -0.00694802  -0.00845395     0.00694802   0.00845395
 -0.00694802   0.00845395     0.25280640   0.00000000    -0.00707419  -0.00000000
  0.00694802  -0.00845395    -0.00707419  -0.00000000     0.25280640   0.00000000

     Dynamical  Matrix in cartesian axes

     q = (   -0.750000000   0.750000000  -0.250000000 ) 

    1    1
  0.25280640  -0.00000000    -0.00707419   0.00000000     0.00694802   0.00845395
 -0.00707419   0.00000000     0.25280640  -0.00000000    -0.00694802  -0.00845395
  0.00694802  -0.00845395    -0.00694802   0.00845395     0.30758047  -0.00000000
    1    2
 -0.06654238   0.06418202    -0.13647232  -0.03987612     0.04278690  -0.04011263
 -0.13647232  -0.03987612    -0.06654238   0.06418202    -0.04278690   0.04011263
  0.04278690  -0.04011263    -0.04278690   0.04011263    -0.08295365   0.06364335
    2    1
 -0.06654238  -0.06418202    -0.13647232   0.03987612     0.04278690   0.04011263
 -0.13647232   0.03987612    -0.06654238  -0.06418202    -0.04278690  -0.04011263
  0.04278690   0.04011263    -0.04278690  -0.04011263    -0.08295365  -0.06364335
    2    2
  0.25280640   0.00000000    -0.00707419  -0.00000000     0.00694802  -0.00845395
 -0.00707419  -0.00000000     0.25280640   0.00000000    -0.00694802   0.00845395
  0.00694802   0.00845395    -0.00694802  -0.00845395     0.30758047   0.00000000

     Dynamical  Matrix in cartesian axes

     q = (    0.750000000   0.250000000   0.750000000 ) 

    1    1
  0.25280640   0.00000000     0.00694802   0.00845395     0.00707419   0.00000000
  0.00694802  -0.00845395     0.30758047   0.00000000     0.00694802  -0.00845395
  0.00707419   0.00000000     0.00694802   0.00845395     0.25280640   0.00000000
    1    2
  0.06654238  -0.06418202    -0.04278690   0.04011263    -0.13647232  -0.03987612
 -0.04278690   0.04011263     0.08295365  -0.06364335    -0.04278690   0.04011263
 -0.13647232  -0.03987612    -0.04278690   0.04011263     0.06654238  -0.06418202
    2    1
  0.06654238   0.06418202    -0.04278690  -0.04011263    -0.13647232   0.03987612
 -0.04278690  -0.04011263     0.08295365   0.06364335    -0.04278690  -0.04011263
 -0.13647232   0.03987612    -0.04278690  -0.04011263     0.06654238   0.06418202
    2    2
  0.25280640  -0.00000000     0.00694802  -0.00845395     0.00707419  -0.00000000
  0.00694802   0.00845395     0.30758047  -0.00000000     0.00694802   0.00845395
  0.00707419  -0.00000000     0.00694802  -0.00845395     0.25280640  -0.00000000

     Dynamical  Matrix in cartesian axes

     q = (   -0.750000000   0.250000000   0.750000000 ) 

    1    1
  0.25280640   0.00000000    -0.00694802   0.00845395    -0.00707419   0.00000000
 -0.00694802  -0.00845395     0.30758047   0.00000000     0.00694802   0.00845395
 -0.00707419   0.00000000     0.00694802  -0.00845395     0.25280640   0.00000000
    1    2
 -0.06654238  -0.06418202    -0.04278690  -0.04011263    -0.13647232   0.03987612
 -0.04278690  -0.04011263    -0.08295365  -0.06364335     0.04278690   0.04011263
 -0.13647232   0.03987612     0.04278690   0.04011263    -0.06654238  -0.06418202
    2    1
 -0.06654238   0.06418202    -0.04278690   0.04011263    -0.13647232  -0.03987612
 -0.04278690   0.04011263    -0.08295365   0.06364335     0.04278690  -0.04011263
 -0.13647232  -0.03987612     0.04278690  -0.04011263    -0.06654238   0.06418202
    2    2
  0.25280640   0.00000000    -0.00694802  -0.00845395    -0.00707419   0.00000000
 -0.00694802   0.00845395     0.30758047  -0.00000000     0.00694802  -0.00845395
 -0.00707419   0.00000000     0.00694802   0.00845395     0.25280640   0.00000000

     Dynamical  Matrix in cartesian axes

     q = (    0.750000000   0.250000000  -0.750000000 ) 

    1    1
  0.25280640   0.00000000     0.00694802  -0.00845395    -0.00707419   0.00000000
  0.00694802   0.00845395     0.30758047  -0.00000000    -0.00694802  -0.00845395
 -0.00707419   0.00000000    -0.00694802   0.00845395     0.25280640   0.00000000
    1    2
 -0.06654238  -0.06418202     0.04278690   0.04011263    -0.13647232   0.03987612
  0.04278690   0.04011263    -0.08295365  -0.06364335    -0.04278690  -0.04011263
 -0.13647232   0.03987612    -0.04278690  -0.04011263    -0.06654238  -0.06418202
    2    1
 -0.06654238   0.06418202     0.04278690  -0.04011263    -0.13647232  -0.03987612
  0.04278690  -0.04011263    -0.08295365   0.06364335    -0.04278690   0.04011263
 -0.13647232  -0.03987612    -0.04278690   0.04011263    -0.06654238   0.06418202
    2    2
  0.25280640   0.00000000     0.00694802   0.00845395    -0.00707419   0.00000000
  0.00694802  -0.00845395     0.30758047   0.00000000    -0.00694802   0.00845395
 -0.00707419   0.00000000    -0.00694802  -0.00845395     0.25280640   0.00000000

     Dynamical  Matrix in cartesian axes

     q = (   -0.750000000   0.750000000   0.250000000 ) 

    1    1
  0.25280640   0.00000000    -0.00707419  -0.00000000    -0.00694802   0.00845395
 -0.00707419  -0.00000000     0.25280640   0.00000000     0.00694802  -0.00845395
 -0.00694802  -0.00845395     0.00694802   0.00845395     0.30758047   0.00000000
    1    2
 -0.06654238  -0.06418202    -0.13647232   0.03987612    -0.04278690  -0.04011263
 -0.13647232   0.03987612    -0.06654238  -0.06418202     0.04278690   0.04011263
 -0.04278690  -0.04011263     0.04278690   0.04011263    -0.08295365  -0.06364335
    2    1
 -0.06654238   0.06418202    -0.13647232  -0.03987612    -0.04278690   0.04011263
 -0.13647232  -0.03987612    -0.06654238   0.06418202     0.04278690  -0.04011263
 -0.04278690   0.04011263     0.04278690  -0.04011263    -0.08295365   0.06364335
    2    2
  0.25280640  -0.00000000    -0.00707419   0.00000000    -0.00694802  -0.00845395
 -0.00707419   0.00000000     0.25280640  -0.00000000     0.00694802   0.00845395
 -0.00694802   0.00845395     0.00694802  -0.00845395     0.30758047  -0.00000000

     Dynamical  Matrix in cartesian axes

     q = (   -0.250000000   0.750000000   0.750000000 ) 

    1    1
  0.30758047   0.00000000    -0.00694802  -0.00845395    -0.00694802  -0.00845395
 -0.00694802   0.00845395     0.25280640   0.00000000     0.00707419  -0.00000000
 -0.00694802   0.00845395     0.00707419  -0.00000000     0.25280640   0.00000000
    1    2
 -0.06364335   0.08295365    -0.04011263   0.04278690    -0.04011263   0.04278690
 -0.04011263   0.04278690    -0.06418202   0.06654238    -0.03987612  -0.13647232
 -0.04011263   0.04278690    -0.03987612  -0.13647232    -0.06418202   0.06654238
    2    1
 -0.06364335  -0.08295365    -0.04011263  -0.04278690    -0.04011263  -0.04278690
 -0.04011263  -0.04278690    -0.06418202  -0.06654238    -0.03987612   0.13647232
 -0.04011263  -0.04278690    -0.03987612   0.13647232    -0.06418202  -0.06654238
    2    2
  0.30758047  -0.00000000    -0.00694802   0.00845395    -0.00694802   0.00845395
 -0.00694802  -0.00845395     0.25280640  -0.00000000     0.00707419   0.00000000
 -0.00694802  -0.00845395     0.00707419   0.00000000     0.25280640  -0.00000000

     Dynamical  Matrix in cartesian axes

     q = (    0.250000000   0.750000000  -0.750000000 ) 

    1    1
  0.30758047  -0.00000000     0.00694802   0.00845395    -0.00694802  -0.00845395
  0.00694802  -0.00845395     0.25280640  -0.00000000    -0.00707419   0.00000000
 -0.00694802   0.00845395    -0.00707419   0.00000000     0.25280640  -0.00000000
    1    2
 -0.08295365  -0.06364335     0.04278690   0.04011263    -0.04278690  -0.04011263
  0.04278690   0.04011263    -0.06654238  -0.06418202    -0.13647232   0.03987612
 -0.04278690  -0.04011263    -0.13647232   0.03987612    -0.06654238  -0.06418202
    2    1
 -0.08295365   0.06364335     0.04278690  -0.04011263    -0.04278690   0.04011263
  0.04278690  -0.04011263    -0.06654238   0.06418202    -0.13647232  -0.03987612
 -0.04278690   0.04011263    -0.13647232  -0.03987612    -0.06654238   0.06418202
    2    2
  0.30758047   0.00000000     0.00694802  -0.00845395    -0.00694802   0.00845395
  0.00694802   0.00845395     0.25280640   0.00000000    -0.00707419  -0.00000000
 -0.00694802  -0.00845395    -0.00707419  -0.00000000     0.25280640   0.00000000

     Dynamical  Matrix in cartesian axes

     q = (   -0.250000000  -0.750000000  -0.750000000 ) 

    1    1
  0.30758047  -0.00000000     0.00694802   0.00845395     0.00694802   0.00845395
  0.00694802  -0.00845395     0.25280640  -0.00000000     0.00707419   0.00000000
  0.00694802  -0.00845395     0.00707419   0.00000000     0.25280640  -0.00000000
    1    2
  0.08295365   0.06364335    -0.04278690  -0.04011263    -0.04278690  -0.04011263
 -0.04278690  -0.04011263     0.06654238   0.06418202    -0.13647232   0.03987612
 -0.04278690  -0.04011263    -0.13647232   0.03987612     0.06654238   0.06418202
    2    1
  0.08295365  -0.06364335    -0.04278690   0.04011263    -0.04278690   0.04011263
 -0.04278690   0.04011263     0.06654238  -0.06418202    -0.13647232  -0.03987612
 -0.04278690   0.04011263    -0.13647232  -0.03987612     0.06654238  -0.06418202
    2    2
  0.30758047   0.00000000     0.00694802  -0.00845395     0.00694802  -0.00845395
  0.00694802   0.00845395     0.25280640   0.00000000     0.00707419  -0.00000000
  0.00694802   0.00845395     0.00707419  -0.00000000     0.25280640   0.00000000

     Dynamical  Matrix in cartesian axes

     q = (    0.750000000   0.750000000  -0.250000000 ) 

    1    1
  0.25280640  -0.00000000     0.00707419  -0.00000000    -0.00694802   0.00845395
  0.00707419  -0.00000000     0.25280640  -0.00000000    -0.00694802   0.00845395
 -0.00694802  -0.00845395    -0.00694802  -0.00845395     0.30758047  -0.00000000
    1    2
 -0.06418202   0.06654238    -0.03987612  -0.13647232    -0.04011263   0.04278690
 -0.03987612  -0.13647232    -0.06418202   0.06654238    -0.04011263   0.04278690
 -0.04011263   0.04278690    -0.04011263   0.04278690    -0.06364335   0.08295365
    2    1
 -0.06418202  -0.06654238    -0.03987612   0.13647232    -0.04011263  -0.04278690
 -0.03987612   0.13647232    -0.06418202  -0.06654238    -0.04011263  -0.04278690
 -0.04011263  -0.04278690    -0.04011263  -0.04278690    -0.06364335  -0.08295365
    2    2
  0.25280640   0.00000000     0.00707419   0.00000000    -0.00694802  -0.00845395
  0.00707419   0.00000000     0.25280640   0.00000000    -0.00694802  -0.00845395
 -0.00694802   0.00845395    -0.00694802   0.00845395     0.30758047   0.00000000

     Dynamical  Matrix in cartesian axes

     q = (    0.750000000  -0.750000000   0.250000000 ) 

    1    1
  0.25280640   0.00000000    -0.00707419  -0.00000000     0.00694802  -0.00845395
 -0.00707419  -0.00000000     0.25280640   0.00000000    -0.00694802   0.00845395
  0.00694802   0.00845395    -0.00694802  -0.00845395     0.30758047   0.00000000
    1    2
 -0.06654238  -0.06418202    -0.13647232   0.03987612     0.04278690   0.04011263
 -0.13647232   0.03987612    -0.06654238  -0.06418202    -0.04278690  -0.04011263
  0.04278690   0.04011263    -0.04278690  -0.04011263    -0.08295365  -0.06364335
    2    1
 -0.06654238   0.06418202    -0.13647232  -0.03987612     0.04278690  -0.04011263
 -0.13647232  -0.03987612    -0.06654238   0.06418202    -0.04278690   0.04011263
  0.04278690  -0.04011263    -0.04278690   0.04011263    -0.08295365   0.06364335
    2    2
  0.25280640  -0.00000000    -0.00707419   0.00000000     0.00694802   0.00845395
 -0.00707419   0.00000000     0.25280640  -0.00000000    -0.00694802  -0.00845395
  0.00694802  -0.00845395    -0.00694802   0.00845395     0.30758047  -0.00000000

     Dynamical  Matrix in cartesian axes

     q = (   -0.750000000  -0.750000000  -0.250000000 ) 

    1    1
  0.25280640   0.00000000     0.00707419   0.00000000     0.00694802  -0.00845395
  0.00707419   0.00000000     0.25280640   0.00000000     0.00694802  -0.00845395
  0.00694802   0.00845395     0.00694802   0.00845395     0.30758047   0.00000000
    1    2
  0.06654238   0.06418202    -0.13647232   0.03987612    -0.04278690  -0.04011263
 -0.13647232   0.03987612     0.06654238   0.06418202    -0.04278690  -0.04011263
 -0.04278690  -0.04011263    -0.04278690  -0.04011263     0.08295365   0.06364335
    2    1
  0.06654238  -0.06418202    -0.13647232  -0.03987612    -0.04278690   0.04011263
 -0.13647232  -0.03987612     0.06654238  -0.06418202    -0.04278690   0.04011263
 -0.04278690   0.04011263    -0.04278690   0.04011263     0.08295365  -0.06364335
    2    2
  0.25280640  -0.00000000     0.00707419  -0.00000000     0.00694802   0.00845395
  0.00707419  -0.00000000     0.25280640  -0.00000000     0.00694802   0.00845395
  0.00694802  -0.00845395     0.00694802  -0.00845395     0.30758047  -0.00000000

     Dynamical  Matrix in cartesian axes

     q = (    0.250000000  -0.750000000   0.750000000 ) 

    1    1
  0.30758047   0.00000000    -0.00694802  -0.00845395     0.00694802   0.00845395
 -0.00694802   0.00845395     0.25280640   0.00000000    -0.00707419  -0.00000000
  0.00694802  -0.00845395    -0.00707419  -0.00000000     0.25280640   0.00000000
    1    2
 -0.08295365  -0.06364335    -0.04278690  -0.04011263     0.04278690   0.04011263
 -0.04278690  -0.04011263    -0.06654238  -0.06418202    -0.13647232   0.03987612
  0.04278690   0.04011263    -0.13647232   0.03987612    -0.06654238  -0.06418202
    2    1
 -0.08295365   0.06364335    -0.04278690   0.04011263     0.04278690  -0.04011263
 -0.04278690   0.04011263    -0.06654238   0.06418202    -0.13647232  -0.03987612
  0.04278690  -0.04011263    -0.13647232  -0.03987612    -0.06654238   0.06418202
    2    2
  0.30758047  -0.00000000    -0.00694802   0.00845395     0.00694802  -0.00845395
 -0.00694802  -0.00845395     0.25280640  -0.00000000    -0.00707419   0.00000000
  0.00694802   0.00845395    -0.00707419   0.00000000     0.25280640  -0.00000000

     Dynamical  Matrix in cartesian axes

     q = (   -0.750000000  -0.750000000   0.250000000 ) 

    1    1
  0.25280640   0.00000000     0.00707419   0.00000000    -0.00694802  -0.00845395
  0.00707419   0.00000000     0.25280640   0.00000000    -0.00694802  -0.00845395
 -0.00694802   0.00845395    -0.00694802   0.00845395     0.30758047   0.00000000
    1    2
 -0.06418202  -0.06654238    -0.03987612   0.13647232    -0.04011263  -0.04278690
 -0.03987612   0.13647232    -0.06418202  -0.06654238    -0.04011263  -0.04278690
 -0.04011263  -0.04278690    -0.04011263  -0.04278690    -0.06364335  -0.08295365
    2    1
 -0.06418202   0.06654238    -0.03987612  -0.13647232    -0.04011263   0.04278690
 -0.03987612  -0.13647232    -0.06418202   0.06654238    -0.04011263   0.04278690
 -0.04011263   0.04278690    -0.04011263   0.04278690    -0.06364335   0.08295365
    2    2
  0.25280640  -0.00000000     0.00707419  -0.00000000    -0.00694802   0.00845395
  0.00707419  -0.00000000     0.25280640  -0.00000000    -0.00694802   0.00845395
 -0.00694802  -0.00845395    -0.00694802  -0.00845395     0.30758047  -0.00000000

     Dynamical  Matrix in cartesian axes

     q = (    0.250000000   0.750000000   0.750000000 ) 

    1    1
  0.30758047   0.00000000     0.00694802  -0.00845395     0.00694802  -0.00845395
  0.00694802   0.00845395     0.25280640   0.00000000     0.00707419  -0.00000000
  0.00694802   0.00845395     0.00707419  -0.00000000     0.25280640   0.00000000
    1    2
  0.08295365  -0.06364335    -0.04278690   0.04011263    -0.04278690   0.04011263
 -0.04278690   0.04011263     0.06654238  -0.06418202    -0.13647232  -0.03987612
 -0.04278690   0.04011263    -0.13647232  -0.03987612     0.06654238  -0.06418202
    2    1
  0.08295365   0.06364335    -0.04278690  -0.04011263    -0.04278690  -0.04011263
 -0.04278690  -0.04011263     0.06654238   0.06418202    -0.13647232   0.03987612
 -0.04278690  -0.04011263    -0.13647232   0.03987612     0.06654238   0.06418202
    2    2
  0.30758047  -0.00000000     0.00694802   0.00845395     0.00694802   0.00845395
  0.00694802  -0.00845395     0.25280640  -0.00000000     0.00707419   0.00000000
  0.00694802  -0.00845395     0.00707419   0.00000000     0.25280640  -0.00000000

     Dynamical  Matrix in cartesian axes

     q = (   -0.250000000  -0.750000000   0.750000000 ) 

    1    1
  0.30758047   0.00000000     0.00694802  -0.00845395    -0.00694802   0.00845395
  0.00694802   0.00845395     0.25280640   0.00000000    -0.00707419  -0.00000000
 -0.00694802  -0.00845395    -0.00707419  -0.00000000     0.25280640   0.00000000
    1    2
 -0.08295365   0.06364335     0.04278690  -0.04011263    -0.04278690   0.04011263
  0.04278690  -0.04011263    -0.06654238   0.06418202    -0.13647232  -0.03987612
 -0.04278690   0.04011263    -0.13647232  -0.03987612    -0.06654238   0.06418202
    2    1
 -0.08295365  -0.06364335     0.04278690   0.04011263    -0.04278690  -0.04011263
  0.04278690   0.04011263    -0.06654238  -0.06418202    -0.13647232   0.03987612
 -0.04278690  -0.04011263    -0.13647232   0.03987612    -0.06654238  -0.06418202
    2    2
  0.30758047  -0.00000000     0.00694802   0.00845395    -0.00694802  -0.00845395
  0.00694802  -0.00845395     0.25280640  -0.00000000    -0.00707419   0.00000000
 -0.00694802   0.00845395    -0.00707419   0.00000000     0.25280640  -0.00000000

     Dynamical  Matrix in cartesian axes

     q = (    0.750000000   0.750000000   0.250000000 ) 

    1    1
  0.25280640  -0.00000000     0.00707419  -0.00000000     0.00694802   0.00845395
  0.00707419  -0.00000000     0.25280640  -0.00000000     0.00694802   0.00845395
  0.00694802  -0.00845395     0.00694802  -0.00845395     0.30758047  -0.00000000
    1    2
  0.06654238  -0.06418202    -0.13647232  -0.03987612    -0.04278690   0.04011263
 -0.13647232  -0.03987612     0.06654238  -0.06418202    -0.04278690   0.04011263
 -0.04278690   0.04011263    -0.04278690   0.04011263     0.08295365  -0.06364335
    2    1
  0.06654238   0.06418202    -0.13647232   0.03987612    -0.04278690  -0.04011263
 -0.13647232   0.03987612     0.06654238   0.06418202    -0.04278690  -0.04011263
 -0.04278690  -0.04011263    -0.04278690  -0.04011263     0.08295365   0.06364335
    2    2
  0.25280640   0.00000000     0.00707419   0.00000000     0.00694802  -0.00845395
  0.00707419   0.00000000     0.25280640   0.00000000     0.00694802  -0.00845395
  0.00694802   0.00845395     0.00694802   0.00845395     0.30758047   0.00000000

     Dynamical  Matrix in cartesian axes

     q = (    0.250000000  -0.750000000  -0.750000000 ) 

    1    1
  0.30758047  -0.00000000    -0.00694802   0.00845395    -0.00694802   0.00845395
 -0.00694802  -0.00845395     0.25280640  -0.00000000     0.00707419   0.00000000
 -0.00694802  -0.00845395     0.00707419   0.00000000     0.25280640  -0.00000000
    1    2
 -0.06364335  -0.08295365    -0.04011263  -0.04278690    -0.04011263  -0.04278690
 -0.04011263  -0.04278690    -0.06418202  -0.06654238    -0.03987612   0.13647232
 -0.04011263  -0.04278690    -0.03987612   0.13647232    -0.06418202  -0.06654238
    2    1
 -0.06364335   0.08295365    -0.04011263   0.04278690    -0.04011263   0.04278690
 -0.04011263   0.04278690    -0.06418202   0.06654238    -0.03987612  -0.13647232
 -0.04011263   0.04278690    -0.03987612  -0.13647232    -0.06418202   0.06654238
    2    2
  0.30758047   0.00000000    -0.00694802  -0.00845395    -0.00694802  -0.00845395
 -0.00694802   0.00845395     0.25280640   0.00000000     0.00707419  -0.00000000
 -0.00694802   0.00845395     0.00707419  -0.00000000     0.25280640   0.00000000

     Dynamical  Matrix in cartesian axes

     q = (    0.750000000  -0.750000000  -0.250000000 ) 

    1    1
  0.25280640  -0.00000000    -0.00707419   0.00000000    -0.00694802  -0.00845395
 -0.00707419   0.00000000     0.25280640  -0.00000000     0.00694802   0.00845395
 -0.00694802   0.00845395     0.00694802  -0.00845395     0.30758047  -0.00000000
    1    2
 -0.06654238   0.06418202    -0.13647232  -0.03987612    -0.04278690   0.04011263
 -0.13647232  -0.03987612    -0.06654238   0.06418202     0.04278690  -0.04011263
 -0.04278690   0.04011263     0.04278690  -0.04011263    -0.08295365   0.06364335
    2    1
 -0.06654238  -0.06418202    -0.13647232   0.03987612    -0.04278690  -0.04011263
 -0.13647232   0.03987612    -0.06654238  -0.06418202     0.04278690   0.04011263
 -0.04278690  -0.04011263     0.04278690   0.04011263    -0.08295365  -0.06364335
    2    2
  0.25280640   0.00000000    -0.00707419  -0.00000000    -0.00694802   0.00845395
 -0.00707419  -0.00000000     0.25280640   0.00000000     0.00694802  -0.00845395
 -0.00694802  -0.00845395     0.00694802   0.00845395     0.30758047   0.00000000

     Diagonalizing the dynamical matrix

     q = (    0.750000000  -0.250000000   0.750000000 ) 

 **************************************************************************
     freq (    1) =       4.177054 [THz] =     139.331516 [cm-1]
 ( -0.059438  0.496455  0.000000 -0.000000  0.059438 -0.496455 ) 
 ( -0.500000 -0.000000  0.000000  0.000000  0.500000  0.000000 ) 
     freq (    2) =       6.163018 [THz] =     205.576148 [cm-1]
 (  0.395743  0.141035  0.350867 -0.154549  0.395743  0.141035 ) 
 (  0.420123  0.000000  0.278624  0.263366  0.420123  0.000000 ) 
     freq (    3) =       9.519311 [THz] =     317.530041 [cm-1]
 (  0.087986 -0.302903  0.401170  0.374271  0.087986 -0.302903 ) 
 ( -0.315423  0.000000  0.247511  0.489648 -0.315423  0.000000 ) 
     freq (    4) =      12.273794 [THz] =     409.409686 [cm-1]
 ( -0.117544 -0.317198  0.408711  0.322635 -0.117544 -0.317198 ) 
 (  0.338276 -0.000000 -0.444549 -0.271135  0.338276  0.000000 ) 
     freq (    5) =      13.796414 [THz] =     460.198833 [cm-1]
 ( -0.059438  0.496455  0.000000  0.000000  0.059438 -0.496455 ) 
 (  0.500000 -0.000000 -0.000000 -0.000000 -0.500000  0.000000 ) 
     freq (    6) =      14.163106 [THz] =     472.430358 [cm-1]
 (  0.298308  0.143478  0.480716 -0.223079  0.298308  0.143478 ) 
 ( -0.331019  0.000000 -0.336520 -0.409398 -0.331019  0.000000 ) 
 **************************************************************************
