Dynamical matrix file
Ph                                                                         
  1    2  2 10.2000000  0.0000000  0.0000000  0.0000000  0.0000000  0.0000000
           1  'Si  '    25598.822984527003     
    1    1      0.0000000000      0.0000000000      0.0000000000
    2    1      0.2500000000      0.2500000000      0.2500000000

     Dynamical  Matrix in cartesian axes

     q = (    0.750000000  -0.250000000   0.750000000 ) 

    1    1
  0.25280609  0.00000000   -0.00694757  0.00845426    0.00707373  0.00000000
 -0.00694757 -0.00845426    0.30758023  0.00000000   -0.00694757 -0.00845426
  0.00707373  0.00000000   -0.00694757  0.00845426    0.25280609  0.00000000
    1    2
 -0.06418206  0.06654256   -0.04011256  0.04278655   -0.03987610 -0.13647216
 -0.04011256  0.04278655   -0.06364339  0.08295445   -0.04011256  0.04278655
 -0.03987610 -0.13647216   -0.04011256  0.04278655   -0.06418206  0.06654256
    2    1
 -0.06418206 -0.06654256   -0.04011256 -0.04278655   -0.03987610  0.13647216
 -0.04011256 -0.04278655   -0.06364339 -0.08295445   -0.04011256 -0.04278655
 -0.03987610  0.13647216   -0.04011256 -0.04278655   -0.06418206 -0.06654256
    2    2
  0.25280609  0.00000000   -0.00694757 -0.00845426    0.00707373  0.00000000
 -0.00694757  0.00845426    0.30758023  0.00000000   -0.00694757  0.00845426
  0.00707373  0.00000000   -0.00694757 -0.00845426    0.25280609  0.00000000

     Dynamical  Matrix in cartesian axes

     q = (    0.750000000  -0.250000000  -0.750000000 ) 

    1    1
  0.25280609  0.00000000   -0.00694757 -0.00845426   -0.00707373  0.00000000
 -0.00694757  0.00845426    0.30758023  0.00000000    0.00694757 -0.00845426
 -0.00707373  0.00000000    0.00694757  0.00845426    0.25280609  0.00000000
    1    2
 -0.06654256  0.06418206   -0.04278655  0.04011256   -0.13647216 -0.03987610
 -0.04278655  0.04011256   -0.08295445  0.06364339    0.04278655 -0.04011256
 -0.13647216 -0.03987610    0.04278655 -0.04011256   -0.06654256  0.06418206
    2    1
 -0.06654256 -0.06418206   -0.04278655 -0.04011256   -0.13647216  0.03987610
 -0.04278655 -0.04011256   -0.08295445 -0.06364339    0.04278655  0.04011256
 -0.13647216  0.03987610    0.04278655  0.04011256   -0.06654256 -0.06418206
    2    2
  0.25280609  0.00000000   -0.00694757  0.00845426   -0.00707373  0.00000000
 -0.00694757 -0.00845426    0.30758023  0.00000000    0.00694757  0.00845426
 -0.00707373  0.00000000    0.00694757 -0.00845426    0.25280609  0.00000000

     Dynamical  Matrix in cartesian axes

     q = (   -0.750000000  -0.250000000  -0.750000000 ) 

    1    1
  0.25280609  0.00000000    0.00694757 -0.00845426    0.00707373  0.00000000
  0.00694757  0.00845426    0.30758023  0.00000000    0.00694757  0.00845426
  0.00707373  0.00000000    0.00694757 -0.00845426    0.25280609  0.00000000
    1    2
  0.06654256  0.06418206   -0.04278655 -0.04011256   -0.13647216  0.03987610
 -0.04278655 -0.04011256    0.08295445  0.06364339   -0.04278655 -0.04011256
 -0.13647216  0.03987610   -0.04278655 -0.04011256    0.06654256  0.06418206
    2    1
  0.06654256 -0.06418206   -0.04278655  0.04011256   -0.13647216 -0.03987610
 -0.04278655  0.04011256    0.08295445 -0.06364339   -0.04278655  0.04011256
 -0.13647216 -0.03987610   -0.04278655  0.04011256    0.06654256 -0.06418206
    2    2
  0.25280609  0.00000000    0.00694757  0.00845426    0.00707373  0.00000000
  0.00694757 -0.00845426    0.30758023  0.00000000    0.00694757 -0.00845426
  0.00707373  0.00000000    0.00694757  0.00845426    0.25280609  0.00000000

     Dynamical  Matrix in cartesian axes

     q = (   -0.750000000  -0.250000000   0.750000000 ) 

    1    1
  0.25280609  0.00000000    0.00694757  0.00845426   -0.00707373  0.00000000
  0.00694757 -0.00845426    0.30758023  0.00000000   -0.00694757  0.00845426
 -0.00707373  0.00000000   -0.00694757 -0.00845426    0.25280609  0.00000000
    1    2
 -0.06654256  0.06418206    0.04278655 -0.04011256   -0.13647216 -0.03987610
  0.04278655 -0.04011256   -0.08295445  0.06364339   -0.04278655  0.04011256
 -0.13647216 -0.03987610   -0.04278655  0.04011256   -0.06654256  0.06418206
    2    1
 -0.06654256 -0.06418206    0.04278655  0.04011256   -0.13647216  0.03987610
  0.04278655  0.04011256   -0.08295445 -0.06364339   -0.04278655 -0.04011256
 -0.13647216  0.03987610   -0.04278655 -0.04011256   -0.06654256 -0.06418206
    2    2
  0.25280609  0.00000000    0.00694757 -0.00845426   -0.00707373  0.00000000
  0.00694757  0.00845426    0.30758023  0.00000000   -0.00694757 -0.00845426
 -0.00707373  0.00000000   -0.00694757  0.00845426    0.25280609  0.00000000

     Dynamical  Matrix in cartesian axes

     q = (   -0.750000000   0.250000000  -0.750000000 ) 

    1    1
  0.25280609  0.00000000   -0.00694757 -0.00845426    0.00707373  0.00000000
 -0.00694757  0.00845426    0.30758023  0.00000000   -0.00694757  0.00845426
  0.00707373  0.00000000   -0.00694757 -0.00845426    0.25280609  0.00000000
    1    2
 -0.06418206 -0.06654256   -0.04011256 -0.04278655   -0.03987610  0.13647216
 -0.04011256 -0.04278655   -0.06364339 -0.08295445   -0.04011256 -0.04278655
 -0.03987610  0.13647216   -0.04011256 -0.04278655   -0.06418206 -0.06654256
    2    1
 -0.06418206  0.06654256   -0.04011256  0.04278655   -0.03987610 -0.13647216
 -0.04011256  0.04278655   -0.06364339  0.08295445   -0.04011256  0.04278655
 -0.03987610 -0.13647216   -0.04011256  0.04278655   -0.06418206  0.06654256
    2    2
  0.25280609  0.00000000   -0.00694757  0.00845426    0.00707373  0.00000000
 -0.00694757 -0.00845426    0.30758023  0.00000000   -0.00694757 -0.00845426
  0.00707373  0.00000000   -0.00694757  0.00845426    0.25280609  0.00000000

     Dynamical  Matrix in cartesian axes

     q = (   -0.250000000   0.750000000  -0.750000000 ) 

    1    1
  0.30758023  0.00000000   -0.00694757  0.00845426    0.00694757 -0.00845426
 -0.00694757 -0.00845426    0.25280609  0.00000000   -0.00707373  0.00000000
  0.00694757  0.00845426   -0.00707373  0.00000000    0.25280609  0.00000000
    1    2
 -0.08295445  0.06364339   -0.04278655  0.04011256    0.04278655 -0.04011256
 -0.04278655  0.04011256   -0.06654256  0.06418206   -0.13647216 -0.03987610
  0.04278655 -0.04011256   -0.13647216 -0.03987610   -0.06654256  0.06418206
    2    1
 -0.08295445 -0.06364339   -0.04278655 -0.04011256    0.04278655  0.04011256
 -0.04278655 -0.04011256   -0.06654256 -0.06418206   -0.13647216  0.03987610
  0.04278655  0.04011256   -0.13647216  0.03987610   -0.06654256 -0.06418206
    2    2
  0.30758023  0.00000000   -0.00694757 -0.00845426    0.00694757  0.00845426
 -0.00694757  0.00845426    0.25280609  0.00000000   -0.00707373  0.00000000
  0.00694757 -0.00845426   -0.00707373  0.00000000    0.25280609  0.00000000

     Dynamical  Matrix in cartesian axes

     q = (   -0.750000000   0.750000000  -0.250000000 ) 

    1    1
  0.25280609  0.00000000   -0.00707373  0.00000000    0.00694757  0.00845426
 -0.00707373  0.00000000    0.25280609  0.00000000   -0.00694757 -0.00845426
  0.00694757 -0.00845426   -0.00694757  0.00845426    0.30758023  0.00000000
    1    2
 -0.06654256  0.06418206   -0.13647216 -0.03987610    0.04278655 -0.04011256
 -0.13647216 -0.03987610   -0.06654256  0.06418206   -0.04278655  0.04011256
  0.04278655 -0.04011256   -0.04278655  0.04011256   -0.08295445  0.06364339
    2    1
 -0.06654256 -0.06418206   -0.13647216  0.03987610    0.04278655  0.04011256
 -0.13647216  0.03987610   -0.06654256 -0.06418206   -0.04278655 -0.04011256
  0.04278655  0.04011256   -0.04278655 -0.04011256   -0.08295445 -0.06364339
    2    2
  0.25280609  0.00000000   -0.00707373  0.00000000    0.00694757 -0.00845426
 -0.00707373  0.00000000    0.25280609  0.00000000   -0.00694757  0.00845426
  0.00694757  0.00845426   -0.00694757 -0.00845426    0.30758023  0.00000000

     Dynamical  Matrix in cartesian axes

     q = (    0.750000000   0.250000000   0.750000000 ) 

    1    1
  0.25280609  0.00000000    0.00694757  0.00845426    0.00707373  0.00000000
  0.00694757 -0.00845426    0.30758023  0.00000000    0.00694757 -0.00845426
  0.00707373  0.00000000    0.00694757  0.00845426    0.25280609  0.00000000
    1    2
  0.06654256 -0.06418206   -0.04278655  0.04011256   -0.13647216 -0.03987610
 -0.04278655  0.04011256    0.08295445 -0.06364339   -0.04278655  0.04011256
 -0.13647216 -0.03987610   -0.04278655  0.04011256    0.06654256 -0.06418206
    2    1
  0.06654256  0.06418206   -0.04278655 -0.04011256   -0.13647216  0.03987610
 -0.04278655 -0.04011256    0.08295445  0.06364339   -0.04278655 -0.04011256
 -0.13647216  0.03987610   -0.04278655 -0.04011256    0.06654256  0.06418206
    2    2
  0.25280609  0.00000000    0.00694757 -0.00845426    0.00707373  0.00000000
  0.00694757  0.00845426    0.30758023  0.00000000    0.00694757  0.00845426
  0.00707373  0.00000000    0.00694757 -0.00845426    0.25280609  0.00000000

     Dynamical  Matrix in cartesian axes

     q = (   -0.750000000   0.250000000   0.750000000 ) 

    1    1
  0.25280609  0.00000000   -0.00694757  0.00845426   -0.00707373  0.00000000
 -0.00694757 -0.00845426    0.30758023  0.00000000    0.00694757  0.00845426
 -0.00707373  0.00000000    0.00694757 -0.00845426    0.25280609  0.00000000
    1    2
 -0.06654256 -0.06418206   -0.04278655 -0.04011256   -0.13647216  0.03987610
 -0.04278655 -0.04011256   -0.08295445 -0.06364339    0.04278655  0.04011256
 -0.13647216  0.03987610    0.04278655  0.04011256   -0.06654256 -0.06418206
    2    1
 -0.06654256  0.06418206   -0.04278655  0.04011256   -0.13647216 -0.03987610
 -0.04278655  0.04011256   -0.08295445  0.06364339    0.04278655 -0.04011256
 -0.13647216 -0.03987610    0.04278655 -0.04011256   -0.06654256  0.06418206
    2    2
  0.25280609  0.00000000   -0.00694757 -0.00845426   -0.00707373  0.00000000
 -0.00694757  0.00845426    0.30758023  0.00000000    0.00694757 -0.00845426
 -0.00707373  0.00000000    0.00694757  0.00845426    0.25280609  0.00000000

     Dynamical  Matrix in cartesian axes

     q = (    0.750000000   0.250000000  -0.750000000 ) 

    1    1
  0.25280609  0.00000000    0.00694757 -0.00845426   -0.00707373  0.00000000
  0.00694757  0.00845426    0.30758023  0.00000000   -0.00694757 -0.00845426
 -0.00707373  0.00000000   -0.00694757  0.00845426    0.25280609  0.00000000
    1    2
 -0.06654256 -0.06418206    0.04278655  0.04011256   -0.13647216  0.03987610
  0.04278655  0.04011256   -0.08295445 -0.06364339   -0.04278655 -0.04011256
 -0.13647216  0.03987610   -0.04278655 -0.04011256   -0.06654256 -0.06418206
    2    1
 -0.06654256  0.06418206    0.04278655 -0.04011256   -0.13647216 -0.03987610
  0.04278655 -0.04011256   -0.08295445  0.06364339   -0.04278655  0.04011256
 -0.13647216 -0.03987610   -0.04278655  0.04011256   -0.06654256  0.06418206
    2    2
  0.25280609  0.00000000    0.00694757  0.00845426   -0.00707373  0.00000000
  0.00694757 -0.00845426    0.30758023  0.00000000   -0.00694757  0.00845426
 -0.00707373  0.00000000   -0.00694757 -0.00845426    0.25280609  0.00000000

     Dynamical  Matrix in cartesian axes

     q = (   -0.750000000   0.750000000   0.250000000 ) 

    1    1
  0.25280609  0.00000000   -0.00707373  0.00000000   -0.00694757  0.00845426
 -0.00707373  0.00000000    0.25280609  0.00000000    0.00694757 -0.00845426
 -0.00694757 -0.00845426    0.00694757  0.00845426    0.30758023  0.00000000
    1    2
 -0.06654256 -0.06418206   -0.13647216  0.03987610   -0.04278655 -0.04011256
 -0.13647216  0.03987610   -0.06654256 -0.06418206    0.04278655  0.04011256
 -0.04278655 -0.04011256    0.04278655  0.04011256   -0.08295445 -0.06364339
    2    1
 -0.06654256  0.06418206   -0.13647216 -0.03987610   -0.04278655  0.04011256
 -0.13647216 -0.03987610   -0.06654256  0.06418206    0.04278655 -0.04011256
 -0.04278655  0.04011256    0.04278655 -0.04011256   -0.08295445  0.06364339
    2    2
  0.25280609  0.00000000   -0.00707373  0.00000000   -0.00694757 -0.00845426
 -0.00707373  0.00000000    0.25280609  0.00000000    0.00694757  0.00845426
 -0.00694757  0.00845426    0.00694757 -0.00845426    0.30758023  0.00000000

     Dynamical  Matrix in cartesian axes

     q = (   -0.250000000   0.750000000   0.750000000 ) 

    1    1
  0.30758023  0.00000000   -0.00694757 -0.00845426   -0.00694757 -0.00845426
 -0.00694757  0.00845426    0.25280609  0.00000000    0.00707373  0.00000000
 -0.00694757  0.00845426    0.00707373  0.00000000    0.25280609  0.00000000
    1    2
 -0.06364339  0.08295445   -0.04011256  0.04278655   -0.04011256  0.04278655
 -0.04011256  0.04278655   -0.06418206  0.06654256   -0.03987610 -0.13647216
 -0.04011256  0.04278655   -0.03987610 -0.13647216   -0.06418206  0.06654256
    2    1
 -0.06364339 -0.08295445   -0.04011256 -0.04278655   -0.04011256 -0.04278655
 -0.04011256 -0.04278655   -0.06418206 -0.06654256   -0.03987610  0.13647216
 -0.04011256 -0.04278655   -0.03987610  0.13647216   -0.06418206 -0.06654256
    2    2
  0.30758023  0.00000000   -0.00694757  0.00845426   -0.00694757  0.00845426
 -0.00694757 -0.00845426    0.25280609  0.00000000    0.00707373  0.00000000
 -0.00694757 -0.00845426    0.00707373  0.00000000    0.25280609  0.00000000

     Dynamical  Matrix in cartesian axes

     q = (    0.250000000   0.750000000  -0.750000000 ) 

    1    1
  0.30758023  0.00000000    0.00694757  0.00845426   -0.00694757 -0.00845426
  0.00694757 -0.00845426    0.25280609  0.00000000   -0.00707373  0.00000000
 -0.00694757  0.00845426   -0.00707373  0.00000000    0.25280609  0.00000000
    1    2
 -0.08295445 -0.06364339    0.04278655  0.04011256   -0.04278655 -0.04011256
  0.04278655  0.04011256   -0.06654256 -0.06418206   -0.13647216  0.03987610
 -0.04278655 -0.04011256   -0.13647216  0.03987610   -0.06654256 -0.06418206
    2    1
 -0.08295445  0.06364339    0.04278655 -0.04011256   -0.04278655  0.04011256
  0.04278655 -0.04011256   -0.06654256  0.06418206   -0.13647216 -0.03987610
 -0.04278655  0.04011256   -0.13647216 -0.03987610   -0.06654256  0.06418206
    2    2
  0.30758023  0.00000000    0.00694757 -0.00845426   -0.00694757  0.00845426
  0.00694757  0.00845426    0.25280609  0.00000000   -0.00707373  0.00000000
 -0.00694757 -0.00845426   -0.00707373  0.00000000    0.25280609  0.00000000

     Dynamical  Matrix in cartesian axes

     q = (   -0.250000000  -0.750000000  -0.750000000 ) 

    1    1
  0.30758023  0.00000000    0.00694757  0.00845426    0.00694757  0.00845426
  0.00694757 -0.00845426    0.25280609  0.00000000    0.00707373  0.00000000
  0.00694757 -0.00845426    0.00707373  0.00000000    0.25280609  0.00000000
    1    2
  0.08295445  0.06364339   -0.04278655 -0.04011256   -0.04278655 -0.04011256
 -0.04278655 -0.04011256    0.06654256  0.06418206   -0.13647216  0.03987610
 -0.04278655 -0.04011256   -0.13647216  0.03987610    0.06654256  0.06418206
    2    1
  0.08295445 -0.06364339   -0.04278655  0.04011256   -0.04278655  0.04011256
 -0.04278655  0.04011256    0.06654256 -0.06418206   -0.13647216 -0.03987610
 -0.04278655  0.04011256   -0.13647216 -0.03987610    0.06654256 -0.06418206
    2    2
  0.30758023  0.00000000    0.00694757 -0.00845426    0.00694757 -0.00845426
  0.00694757  0.00845426    0.25280609  0.00000000    0.00707373  0.00000000
  0.00694757  0.00845426    0.00707373  0.00000000    0.25280609  0.00000000

     Dynamical  Matrix in cartesian axes

     q = (    0.750000000   0.750000000  -0.250000000 ) 

    1    1
  0.25280609  0.00000000    0.00707373  0.00000000   -0.00694757  0.00845426
  0.00707373  0.00000000    0.25280609  0.00000000   -0.00694757  0.00845426
 -0.00694757 -0.00845426   -0.00694757 -0.00845426    0.30758023  0.00000000
    1    2
 -0.06418206  0.06654256   -0.03987610 -0.13647216   -0.04011256  0.04278655
 -0.03987610 -0.13647216   -0.06418206  0.06654256   -0.04011256  0.04278655
 -0.04011256  0.04278655   -0.04011256  0.04278655   -0.06364339  0.08295445
    2    1
 -0.06418206 -0.06654256   -0.03987610  0.13647216   -0.04011256 -0.04278655
 -0.03987610  0.13647216   -0.06418206 -0.06654256   -0.04011256 -0.04278655
 -0.04011256 -0.04278655   -0.04011256 -0.04278655   -0.06364339 -0.08295445
    2    2
  0.25280609  0.00000000    0.00707373  0.00000000   -0.00694757 -0.00845426
  0.00707373  0.00000000    0.25280609  0.00000000   -0.00694757 -0.00845426
 -0.00694757  0.00845426   -0.00694757  0.00845426    0.30758023  0.00000000

     Dynamical  Matrix in cartesian axes

     q = (    0.750000000  -0.750000000   0.250000000 ) 

    1    1
  0.25280609  0.00000000   -0.00707373  0.00000000    0.00694757 -0.00845426
 -0.00707373  0.00000000    0.25280609  0.00000000   -0.00694757  0.00845426
  0.00694757  0.00845426   -0.00694757 -0.00845426    0.30758023  0.00000000
    1    2
 -0.06654256 -0.06418206   -0.13647216  0.03987610    0.04278655  0.04011256
 -0.13647216  0.03987610   -0.06654256 -0.06418206   -0.04278655 -0.04011256
  0.04278655  0.04011256   -0.04278655 -0.04011256   -0.08295445 -0.06364339
    2    1
 -0.06654256  0.06418206   -0.13647216 -0.03987610    0.04278655 -0.04011256
 -0.13647216 -0.03987610   -0.06654256  0.06418206   -0.04278655  0.04011256
  0.04278655 -0.04011256   -0.04278655  0.04011256   -0.08295445  0.06364339
    2    2
  0.25280609  0.00000000   -0.00707373  0.00000000    0.00694757  0.00845426
 -0.00707373  0.00000000    0.25280609  0.00000000   -0.00694757 -0.00845426
  0.00694757 -0.00845426   -0.00694757  0.00845426    0.30758023  0.00000000

     Dynamical  Matrix in cartesian axes

     q = (   -0.750000000  -0.750000000  -0.250000000 ) 

    1    1
  0.25280609  0.00000000    0.00707373  0.00000000    0.00694757 -0.00845426
  0.00707373  0.00000000    0.25280609  0.00000000    0.00694757 -0.00845426
  0.00694757  0.00845426    0.00694757  0.00845426    0.30758023  0.00000000
    1    2
  0.06654256  0.06418206   -0.13647216  0.03987610   -0.04278655 -0.04011256
 -0.13647216  0.03987610    0.06654256  0.06418206   -0.04278655 -0.04011256
 -0.04278655 -0.04011256   -0.04278655 -0.04011256    0.08295445  0.06364339
    2    1
  0.06654256 -0.06418206   -0.13647216 -0.03987610   -0.04278655  0.04011256
 -0.13647216 -0.03987610    0.06654256 -0.06418206   -0.04278655  0.04011256
 -0.04278655  0.04011256   -0.04278655  0.04011256    0.08295445 -0.06364339
    2    2
  0.25280609  0.00000000    0.00707373  0.00000000    0.00694757  0.00845426
  0.00707373  0.00000000    0.25280609  0.00000000    0.00694757  0.00845426
  0.00694757 -0.00845426    0.00694757 -0.00845426    0.30758023  0.00000000

     Dynamical  Matrix in cartesian axes

     q = (    0.250000000  -0.750000000   0.750000000 ) 

    1    1
  0.30758023  0.00000000   -0.00694757 -0.00845426    0.00694757  0.00845426
 -0.00694757  0.00845426    0.25280609  0.00000000   -0.00707373  0.00000000
  0.00694757 -0.00845426   -0.00707373  0.00000000    0.25280609  0.00000000
    1    2
 -0.08295445 -0.06364339   -0.04278655 -0.04011256    0.04278655  0.04011256
 -0.04278655 -0.04011256   -0.06654256 -0.06418206   -0.13647216  0.03987610
  0.04278655  0.04011256   -0.13647216  0.03987610   -0.06654256 -0.06418206
    2    1
 -0.08295445  0.06364339   -0.04278655  0.04011256    0.04278655 -0.04011256
 -0.04278655  0.04011256   -0.06654256  0.06418206   -0.13647216 -0.03987610
  0.04278655 -0.04011256   -0.13647216 -0.03987610   -0.06654256  0.06418206
    2    2
  0.30758023  0.00000000   -0.00694757  0.00845426    0.00694757 -0.00845426
 -0.00694757 -0.00845426    0.25280609  0.00000000   -0.00707373  0.00000000
  0.00694757  0.00845426   -0.00707373  0.00000000    0.25280609  0.00000000

     Dynamical  Matrix in cartesian axes

     q = (   -0.750000000  -0.750000000   0.250000000 ) 

    1    1
  0.25280609  0.00000000    0.00707373  0.00000000   -0.00694757 -0.00845426
  0.00707373  0.00000000    0.25280609  0.00000000   -0.00694757 -0.00845426
 -0.00694757  0.00845426   -0.00694757  0.00845426    0.30758023  0.00000000
    1    2
 -0.06418206 -0.06654256   -0.03987610  0.13647216   -0.04011256 -0.04278655
 -0.03987610  0.13647216   -0.06418206 -0.06654256   -0.04011256 -0.04278655
 -0.04011256 -0.04278655   -0.04011256 -0.04278655   -0.06364339 -0.08295445
    2    1
 -0.06418206  0.06654256   -0.03987610 -0.13647216   -0.04011256  0.04278655
 -0.03987610 -0.13647216   -0.06418206  0.06654256   -0.04011256  0.04278655
 -0.04011256  0.04278655   -0.04011256  0.04278655   -0.06364339  0.08295445
    2    2
  0.25280609  0.00000000    0.00707373  0.00000000   -0.00694757  0.00845426
  0.00707373  0.00000000    0.25280609  0.00000000   -0.00694757  0.00845426
 -0.00694757 -0.00845426   -0.00694757 -0.00845426    0.30758023  0.00000000

     Dynamical  Matrix in cartesian axes

     q = (    0.250000000   0.750000000   0.750000000 ) 

    1    1
  0.30758023  0.00000000    0.00694757 -0.00845426    0.00694757 -0.00845426
  0.00694757  0.00845426    0.25280609  0.00000000    0.00707373  0.00000000
  0.00694757  0.00845426    0.00707373  0.00000000    0.25280609  0.00000000
    1    2
  0.08295445 -0.06364339   -0.04278655  0.04011256   -0.04278655  0.04011256
 -0.04278655  0.04011256    0.06654256 -0.06418206   -0.13647216 -0.03987610
 -0.04278655  0.04011256   -0.13647216 -0.03987610    0.06654256 -0.06418206
    2    1
  0.08295445  0.06364339   -0.04278655 -0.04011256   -0.04278655 -0.04011256
 -0.04278655 -0.04011256    0.06654256  0.06418206   -0.13647216  0.03987610
 -0.04278655 -0.04011256   -0.13647216  0.03987610    0.06654256  0.06418206
    2    2
  0.30758023  0.00000000    0.00694757  0.00845426    0.00694757  0.00845426
  0.00694757 -0.00845426    0.25280609  0.00000000    0.00707373  0.00000000
  0.00694757 -0.00845426    0.00707373  0.00000000    0.25280609  0.00000000

     Dynamical  Matrix in cartesian axes

     q = (   -0.250000000  -0.750000000   0.750000000 ) 

    1    1
  0.30758023  0.00000000    0.00694757 -0.00845426   -0.00694757  0.00845426
  0.00694757  0.00845426    0.25280609  0.00000000   -0.00707373  0.00000000
 -0.00694757 -0.00845426   -0.00707373  0.00000000    0.25280609  0.00000000
    1    2
 -0.08295445  0.06364339    0.04278655 -0.04011256   -0.04278655  0.04011256
  0.04278655 -0.04011256   -0.06654256  0.06418206   -0.13647216 -0.03987610
 -0.04278655  0.04011256   -0.13647216 -0.03987610   -0.06654256  0.06418206
    2    1
 -0.08295445 -0.06364339    0.04278655  0.04011256   -0.04278655 -0.04011256
  0.04278655  0.04011256   -0.06654256 -0.06418206   -0.13647216  0.03987610
 -0.04278655 -0.04011256   -0.13647216  0.03987610   -0.06654256 -0.06418206
    2    2
  0.30758023  0.00000000    0.00694757  0.00845426   -0.00694757 -0.00845426
  0.00694757 -0.00845426    0.25280609  0.00000000   -0.00707373  0.00000000
 -0.00694757  0.00845426   -0.00707373  0.00000000    0.25280609  0.00000000

     Dynamical  Matrix in cartesian axes

     q = (    0.750000000   0.750000000   0.250000000 ) 

    1    1
  0.25280609  0.00000000    0.00707373  0.00000000    0.00694757  0.00845426
  0.00707373  0.00000000    0.25280609  0.00000000    0.00694757  0.00845426
  0.00694757 -0.00845426    0.00694757 -0.00845426    0.30758023  0.00000000
    1    2
  0.06654256 -0.06418206   -0.13647216 -0.03987610   -0.04278655  0.04011256
 -0.13647216 -0.03987610    0.06654256 -0.06418206   -0.04278655  0.04011256
 -0.04278655  0.04011256   -0.04278655  0.04011256    0.08295445 -0.06364339
    2    1
  0.06654256  0.06418206   -0.13647216  0.03987610   -0.04278655 -0.04011256
 -0.13647216  0.03987610    0.06654256  0.06418206   -0.04278655 -0.04011256
 -0.04278655 -0.04011256   -0.04278655 -0.04011256    0.08295445  0.06364339
    2    2
  0.25280609  0.00000000    0.00707373  0.00000000    0.00694757 -0.00845426
  0.00707373  0.00000000    0.25280609  0.00000000    0.00694757 -0.00845426
  0.00694757  0.00845426    0.00694757  0.00845426    0.30758023  0.00000000

     Dynamical  Matrix in cartesian axes

     q = (    0.250000000  -0.750000000  -0.750000000 ) 

    1    1
  0.30758023  0.00000000   -0.00694757  0.00845426   -0.00694757  0.00845426
 -0.00694757 -0.00845426    0.25280609  0.00000000    0.00707373  0.00000000
 -0.00694757 -0.00845426    0.00707373  0.00000000    0.25280609  0.00000000
    1    2
 -0.06364339 -0.08295445   -0.04011256 -0.04278655   -0.04011256 -0.04278655
 -0.04011256 -0.04278655   -0.06418206 -0.06654256   -0.03987610  0.13647216
 -0.04011256 -0.04278655   -0.03987610  0.13647216   -0.06418206 -0.06654256
    2    1
 -0.06364339  0.08295445   -0.04011256  0.04278655   -0.04011256  0.04278655
 -0.04011256  0.04278655   -0.06418206  0.06654256   -0.03987610 -0.13647216
 -0.04011256  0.04278655   -0.03987610 -0.13647216   -0.06418206  0.06654256
    2    2
  0.30758023  0.00000000   -0.00694757 -0.00845426   -0.00694757 -0.00845426
 -0.00694757  0.00845426    0.25280609  0.00000000    0.00707373  0.00000000
 -0.00694757  0.00845426    0.00707373  0.00000000    0.25280609  0.00000000

     Dynamical  Matrix in cartesian axes

     q = (    0.750000000  -0.750000000  -0.250000000 ) 

    1    1
  0.25280609  0.00000000   -0.00707373  0.00000000   -0.00694757 -0.00845426
 -0.00707373  0.00000000    0.25280609  0.00000000    0.00694757  0.00845426
 -0.00694757  0.00845426    0.00694757 -0.00845426    0.30758023  0.00000000
    1    2
 -0.06654256  0.06418206   -0.13647216 -0.03987610   -0.04278655  0.04011256
 -0.13647216 -0.03987610   -0.06654256  0.06418206    0.04278655 -0.04011256
 -0.04278655  0.04011256    0.04278655 -0.04011256   -0.08295445  0.06364339
    2    1
 -0.06654256 -0.06418206   -0.13647216  0.03987610   -0.04278655 -0.04011256
 -0.13647216  0.03987610   -0.06654256 -0.06418206    0.04278655  0.04011256
 -0.04278655 -0.04011256    0.04278655  0.04011256   -0.08295445 -0.06364339
    2    2
  0.25280609  0.00000000   -0.00707373  0.00000000   -0.00694757  0.00845426
 -0.00707373  0.00000000    0.25280609  0.00000000    0.00694757 -0.00845426
 -0.00694757 -0.00845426    0.00694757  0.00845426    0.30758023  0.00000000

     Diagonalizing the dynamical matrix

     q = (    0.750000000  -0.250000000   0.750000000 ) 

 **************************************************************************
     freq (    1) =       4.177060 [THz] =     139.331721 [cm-1]
 ( -0.059438  0.496455 -0.000000  0.000000  0.059438 -0.496455 ) 
 ( -0.500000  0.000000 -0.000000 -0.000000  0.500000  0.000000 ) 
     freq (    2) =       6.163025 [THz] =     205.576372 [cm-1]
 ( -0.395744 -0.141035 -0.350866  0.154548 -0.395744 -0.141035 ) 
 ( -0.420124  0.000000 -0.278623 -0.263365 -0.420124  0.000000 ) 
     freq (    3) =       9.519291 [THz] =     317.529356 [cm-1]
 ( -0.087983  0.302903 -0.401175 -0.374268 -0.087983  0.302903 ) 
 (  0.315422  0.000000 -0.247510 -0.489649  0.315422  0.000000 ) 
     freq (    4) =      12.273765 [THz] =     409.408739 [cm-1]
 ( -0.117550 -0.317198  0.408712  0.322629 -0.117550 -0.317198 ) 
 (  0.338279 -0.000000 -0.444549 -0.271130  0.338279  0.000000 ) 
     freq (    5) =      13.796416 [THz] =     460.198914 [cm-1]
 ( -0.059438  0.496455 -0.000000  0.000000  0.059438 -0.496455 ) 
 (  0.500000 -0.000000  0.000000  0.000000 -0.500000  0.000000 ) 
     freq (    6) =      14.163111 [THz] =     472.430540 [cm-1]
 (  0.298307  0.143476  0.480719 -0.223079  0.298307  0.143476 ) 
 ( -0.331017  0.000000 -0.336524 -0.409398 -0.331017  0.000000 ) 
 **************************************************************************
