Dynamical matrix file
Ph                                                                         
  1    2   2  10.2000000   0.0000000   0.0000000   0.0000000   0.0000000   0.0000000
           1  'Si  '    25598.823011949724     
    1    1      0.0000000000      0.0000000000      0.0000000000
    2    1      0.2500000000      0.2500000000      0.2500000000

     Dynamical  Matrix in cartesian axes

     q = (   -0.250000000   0.250000000  -0.250000000 ) 

    1    1
  0.28348833   0.00000000    -0.01300258   0.00000000     0.01300258   0.00000000
 -0.01300258   0.00000000     0.28348833   0.00000000    -0.01300258   0.00000000
  0.01300258   0.00000000    -0.01300258   0.00000000     0.28348833   0.00000000
    1    2
 -0.21217808  -0.06473554    -0.03886647   0.04068267     0.03886647  -0.04068267
 -0.03886647   0.04068267    -0.21217808  -0.06473554    -0.03886647   0.04068267
  0.03886647  -0.04068267    -0.03886647   0.04068267    -0.21217808  -0.06473554
    2    1
 -0.21217808   0.06473554    -0.03886647  -0.04068267     0.03886647   0.04068267
 -0.03886647  -0.04068267    -0.21217808   0.06473554    -0.03886647  -0.04068267
  0.03886647   0.04068267    -0.03886647  -0.04068267    -0.21217808   0.06473554
    2    2
  0.28348833   0.00000000    -0.01300258   0.00000000     0.01300258   0.00000000
 -0.01300258   0.00000000     0.28348833   0.00000000    -0.01300258   0.00000000
  0.01300258   0.00000000    -0.01300258   0.00000000     0.28348833   0.00000000

     Dynamical  Matrix in cartesian axes

     q = (    0.250000000  -0.250000000  -0.250000000 ) 

    1    1
  0.28348833   0.00000000    -0.01300258   0.00000000    -0.01300258   0.00000000
 -0.01300258   0.00000000     0.28348833   0.00000000     0.01300258   0.00000000
 -0.01300258   0.00000000     0.01300258   0.00000000     0.28348833   0.00000000
    1    2
 -0.21217808  -0.06473554    -0.03886647   0.04068267    -0.03886647   0.04068267
 -0.03886647   0.04068267    -0.21217808  -0.06473554     0.03886647  -0.04068267
 -0.03886647   0.04068267     0.03886647  -0.04068267    -0.21217808  -0.06473554
    2    1
 -0.21217808   0.06473554    -0.03886647  -0.04068267    -0.03886647  -0.04068267
 -0.03886647  -0.04068267    -0.21217808   0.06473554     0.03886647   0.04068267
 -0.03886647  -0.04068267     0.03886647   0.04068267    -0.21217808   0.06473554
    2    2
  0.28348833   0.00000000    -0.01300258   0.00000000    -0.01300258   0.00000000
 -0.01300258   0.00000000     0.28348833   0.00000000     0.01300258   0.00000000
 -0.01300258   0.00000000     0.01300258   0.00000000     0.28348833   0.00000000

     Dynamical  Matrix in cartesian axes

     q = (    0.250000000  -0.250000000   0.250000000 ) 

    1    1
  0.28348833   0.00000000    -0.01300258   0.00000000     0.01300258   0.00000000
 -0.01300258   0.00000000     0.28348833   0.00000000    -0.01300258   0.00000000
  0.01300258   0.00000000    -0.01300258   0.00000000     0.28348833   0.00000000
    1    2
 -0.21217808   0.06473554    -0.03886647  -0.04068267     0.03886647   0.04068267
 -0.03886647  -0.04068267    -0.21217808   0.06473554    -0.03886647  -0.04068267
  0.03886647   0.04068267    -0.03886647  -0.04068267    -0.21217808   0.06473554
    2    1
 -0.21217808  -0.06473554    -0.03886647   0.04068267     0.03886647  -0.04068267
 -0.03886647   0.04068267    -0.21217808  -0.06473554    -0.03886647   0.04068267
  0.03886647  -0.04068267    -0.03886647   0.04068267    -0.21217808  -0.06473554
    2    2
  0.28348833   0.00000000    -0.01300258   0.00000000     0.01300258   0.00000000
 -0.01300258   0.00000000     0.28348833   0.00000000    -0.01300258   0.00000000
  0.01300258   0.00000000    -0.01300258   0.00000000     0.28348833   0.00000000

     Dynamical  Matrix in cartesian axes

     q = (    0.250000000   0.250000000   0.250000000 ) 

    1    1
  0.28348833   0.00000000     0.01300258   0.00000000     0.01300258   0.00000000
  0.01300258   0.00000000     0.28348833   0.00000000     0.01300258   0.00000000
  0.01300258   0.00000000     0.01300258   0.00000000     0.28348833   0.00000000
    1    2
 -0.06473554   0.21217808    -0.04068267  -0.03886647    -0.04068267  -0.03886647
 -0.04068267  -0.03886647    -0.06473554   0.21217808    -0.04068267  -0.03886647
 -0.04068267  -0.03886647    -0.04068267  -0.03886647    -0.06473554   0.21217808
    2    1
 -0.06473554  -0.21217808    -0.04068267   0.03886647    -0.04068267   0.03886647
 -0.04068267   0.03886647    -0.06473554  -0.21217808    -0.04068267   0.03886647
 -0.04068267   0.03886647    -0.04068267   0.03886647    -0.06473554  -0.21217808
    2    2
  0.28348833   0.00000000     0.01300258   0.00000000     0.01300258   0.00000000
  0.01300258   0.00000000     0.28348833   0.00000000     0.01300258   0.00000000
  0.01300258   0.00000000     0.01300258   0.00000000     0.28348833   0.00000000

     Dynamical  Matrix in cartesian axes

     q = (   -0.250000000  -0.250000000  -0.250000000 ) 

    1    1
  0.28348833   0.00000000     0.01300258   0.00000000     0.01300258   0.00000000
  0.01300258   0.00000000     0.28348833   0.00000000     0.01300258   0.00000000
  0.01300258   0.00000000     0.01300258   0.00000000     0.28348833   0.00000000
    1    2
 -0.06473554  -0.21217808    -0.04068267   0.03886647    -0.04068267   0.03886647
 -0.04068267   0.03886647    -0.06473554  -0.21217808    -0.04068267   0.03886647
 -0.04068267   0.03886647    -0.04068267   0.03886647    -0.06473554  -0.21217808
    2    1
 -0.06473554   0.21217808    -0.04068267  -0.03886647    -0.04068267  -0.03886647
 -0.04068267  -0.03886647    -0.06473554   0.21217808    -0.04068267  -0.03886647
 -0.04068267  -0.03886647    -0.04068267  -0.03886647    -0.06473554   0.21217808
    2    2
  0.28348833   0.00000000     0.01300258   0.00000000     0.01300258   0.00000000
  0.01300258   0.00000000     0.28348833   0.00000000     0.01300258   0.00000000
  0.01300258   0.00000000     0.01300258   0.00000000     0.28348833   0.00000000

     Dynamical  Matrix in cartesian axes

     q = (   -0.250000000  -0.250000000   0.250000000 ) 

    1    1
  0.28348833   0.00000000     0.01300258   0.00000000    -0.01300258   0.00000000
  0.01300258   0.00000000     0.28348833   0.00000000    -0.01300258   0.00000000
 -0.01300258   0.00000000    -0.01300258   0.00000000     0.28348833   0.00000000
    1    2
 -0.21217808  -0.06473554     0.03886647  -0.04068267    -0.03886647   0.04068267
  0.03886647  -0.04068267    -0.21217808  -0.06473554    -0.03886647   0.04068267
 -0.03886647   0.04068267    -0.03886647   0.04068267    -0.21217808  -0.06473554
    2    1
 -0.21217808   0.06473554     0.03886647   0.04068267    -0.03886647  -0.04068267
  0.03886647   0.04068267    -0.21217808   0.06473554    -0.03886647  -0.04068267
 -0.03886647  -0.04068267    -0.03886647  -0.04068267    -0.21217808   0.06473554
    2    2
  0.28348833   0.00000000     0.01300258   0.00000000    -0.01300258   0.00000000
  0.01300258   0.00000000     0.28348833   0.00000000    -0.01300258   0.00000000
 -0.01300258   0.00000000    -0.01300258   0.00000000     0.28348833   0.00000000

     Dynamical  Matrix in cartesian axes

     q = (   -0.250000000   0.250000000   0.250000000 ) 

    1    1
  0.28348833   0.00000000    -0.01300258   0.00000000    -0.01300258   0.00000000
 -0.01300258   0.00000000     0.28348833   0.00000000     0.01300258   0.00000000
 -0.01300258   0.00000000     0.01300258   0.00000000     0.28348833   0.00000000
    1    2
 -0.21217808   0.06473554    -0.03886647  -0.04068267    -0.03886647  -0.04068267
 -0.03886647  -0.04068267    -0.21217808   0.06473554     0.03886647   0.04068267
 -0.03886647  -0.04068267     0.03886647   0.04068267    -0.21217808   0.06473554
    2    1
 -0.21217808  -0.06473554    -0.03886647   0.04068267    -0.03886647   0.04068267
 -0.03886647   0.04068267    -0.21217808  -0.06473554     0.03886647  -0.04068267
 -0.03886647   0.04068267     0.03886647  -0.04068267    -0.21217808  -0.06473554
    2    2
  0.28348833   0.00000000    -0.01300258   0.00000000    -0.01300258   0.00000000
 -0.01300258   0.00000000     0.28348833   0.00000000     0.01300258   0.00000000
 -0.01300258   0.00000000     0.01300258   0.00000000     0.28348833   0.00000000

     Dynamical  Matrix in cartesian axes

     q = (    0.250000000   0.250000000  -0.250000000 ) 

    1    1
  0.28348833   0.00000000     0.01300258   0.00000000    -0.01300258   0.00000000
  0.01300258   0.00000000     0.28348833   0.00000000    -0.01300258   0.00000000
 -0.01300258   0.00000000    -0.01300258   0.00000000     0.28348833   0.00000000
    1    2
 -0.21217808   0.06473554     0.03886647   0.04068267    -0.03886647  -0.04068267
  0.03886647   0.04068267    -0.21217808   0.06473554    -0.03886647  -0.04068267
 -0.03886647  -0.04068267    -0.03886647  -0.04068267    -0.21217808   0.06473554
    2    1
 -0.21217808  -0.06473554     0.03886647  -0.04068267    -0.03886647   0.04068267
  0.03886647  -0.04068267    -0.21217808  -0.06473554    -0.03886647   0.04068267
 -0.03886647   0.04068267    -0.03886647   0.04068267    -0.21217808  -0.06473554
    2    2
  0.28348833   0.00000000     0.01300258   0.00000000    -0.01300258   0.00000000
  0.01300258   0.00000000     0.28348833   0.00000000    -0.01300258   0.00000000
 -0.01300258   0.00000000    -0.01300258   0.00000000     0.28348833   0.00000000

     Diagonalizing the dynamical matrix

     q = (   -0.250000000   0.250000000  -0.250000000 ) 

 **************************************************************************
     freq (    1) =       2.780933 [THz] =      92.761923 [cm-1]
 (  0.334987 -0.056463 -0.228347 -0.110436 -0.563333 -0.053974 ) 
 (  0.328074 -0.088154 -0.237839 -0.088154 -0.565913  0.000000 ) 
     freq (    2) =       2.780933 [THz] =      92.761923 [cm-1]
 ( -0.206965  0.418443 -0.320793  0.407537 -0.113828 -0.010906 ) 
 ( -0.166113  0.436275 -0.280462  0.436275 -0.114349  0.000000 ) 
     freq (    3) =       6.848912 [THz] =     228.455109 [cm-1]
 ( -0.276443 -0.300409  0.276443  0.300409 -0.276443 -0.300409 ) 
 ( -0.408248 -0.000000  0.408248 -0.000000 -0.408248  0.000000 ) 
     freq (    4) =      14.655959 [THz] =     488.870178 [cm-1]
 ( -0.276443 -0.300409  0.276443  0.300409 -0.276443 -0.300409 ) 
 (  0.408248  0.000000 -0.408248  0.000000  0.408248  0.000000 ) 
     freq (    5) =      14.865618 [THz] =     495.863625 [cm-1]
 ( -0.320593  0.097566  0.233899  0.150693  0.554492  0.053127 ) 
 (  0.309826 -0.127698 -0.247205 -0.127698 -0.557031  0.000000 ) 
     freq (    6) =      14.865618 [THz] =     495.863625 [cm-1]
 ( -0.083477  0.462673 -0.234605  0.448193 -0.151129 -0.014480 ) 
 (  0.038969 -0.468525  0.190790 -0.468525  0.151821  0.000000 ) 
 **************************************************************************
