Dynamical matrix file
Ph                                                                         
  1    2   2  10.2000000   0.0000000   0.0000000   0.0000000   0.0000000   0.0000000
           1  'Si  '    25598.823011949724     
    1    1      0.0000000000      0.0000000000      0.0000000000
    2    1      0.2500000000      0.2500000000      0.2500000000

     Dynamical  Matrix in cartesian axes

     q = (    0.750000000  -0.250000000   0.750000000 ) 

    1    1
  0.25280661  -0.00000000    -0.00694828   0.00845397     0.00707445  -0.00000000
 -0.00694828  -0.00845397     0.30758023  -0.00000000    -0.00694828  -0.00845397
  0.00707445  -0.00000000    -0.00694828   0.00845397     0.25280661  -0.00000000
    1    2
 -0.06418180   0.06654177    -0.04011232   0.04278712    -0.03987595  -0.13647291
 -0.04011232   0.04278712    -0.06364393   0.08295387    -0.04011232   0.04278712
 -0.03987595  -0.13647291    -0.04011232   0.04278712    -0.06418180   0.06654177
    2    1
 -0.06418180  -0.06654177    -0.04011232  -0.04278712    -0.03987595   0.13647291
 -0.04011232  -0.04278712    -0.06364393  -0.08295387    -0.04011232  -0.04278712
 -0.03987595   0.13647291    -0.04011232  -0.04278712    -0.06418180  -0.06654177
    2    2
  0.25280661   0.00000000    -0.00694828  -0.00845397     0.00707445   0.00000000
 -0.00694828   0.00845397     0.30758023   0.00000000    -0.00694828   0.00845397
  0.00707445   0.00000000    -0.00694828  -0.00845397     0.25280661   0.00000000

     Dynamical  Matrix in cartesian axes

     q = (    0.750000000  -0.250000000  -0.750000000 ) 

    1    1
  0.25280661   0.00000000    -0.00694828  -0.00845397    -0.00707445   0.00000000
 -0.00694828   0.00845397     0.30758023   0.00000000     0.00694828  -0.00845397
 -0.00707445   0.00000000     0.00694828   0.00845397     0.25280661   0.00000000
    1    2
 -0.06654177   0.06418180    -0.04278712   0.04011232    -0.13647291  -0.03987595
 -0.04278712   0.04011232    -0.08295387   0.06364393     0.04278712  -0.04011232
 -0.13647291  -0.03987595     0.04278712  -0.04011232    -0.06654177   0.06418180
    2    1
 -0.06654177  -0.06418180    -0.04278712  -0.04011232    -0.13647291   0.03987595
 -0.04278712  -0.04011232    -0.08295387  -0.06364393     0.04278712   0.04011232
 -0.13647291   0.03987595     0.04278712   0.04011232    -0.06654177  -0.06418180
    2    2
  0.25280661   0.00000000    -0.00694828   0.00845397    -0.00707445   0.00000000
 -0.00694828  -0.00845397     0.30758023  -0.00000000     0.00694828   0.00845397
 -0.00707445   0.00000000     0.00694828  -0.00845397     0.25280661   0.00000000

     Dynamical  Matrix in cartesian axes

     q = (   -0.750000000  -0.250000000  -0.750000000 ) 

    1    1
  0.25280661   0.00000000     0.00694828  -0.00845397     0.00707445   0.00000000
  0.00694828   0.00845397     0.30758023   0.00000000     0.00694828   0.00845397
  0.00707445   0.00000000     0.00694828  -0.00845397     0.25280661   0.00000000
    1    2
  0.06654177   0.06418180    -0.04278712  -0.04011232    -0.13647291   0.03987595
 -0.04278712  -0.04011232     0.08295387   0.06364393    -0.04278712  -0.04011232
 -0.13647291   0.03987595    -0.04278712  -0.04011232     0.06654177   0.06418180
    2    1
  0.06654177  -0.06418180    -0.04278712   0.04011232    -0.13647291  -0.03987595
 -0.04278712   0.04011232     0.08295387  -0.06364393    -0.04278712   0.04011232
 -0.13647291  -0.03987595    -0.04278712   0.04011232     0.06654177  -0.06418180
    2    2
  0.25280661  -0.00000000     0.00694828   0.00845397     0.00707445  -0.00000000
  0.00694828  -0.00845397     0.30758023  -0.00000000     0.00694828  -0.00845397
  0.00707445  -0.00000000     0.00694828   0.00845397     0.25280661  -0.00000000

     Dynamical  Matrix in cartesian axes

     q = (   -0.750000000  -0.250000000   0.750000000 ) 

    1    1
  0.25280661   0.00000000     0.00694828   0.00845397    -0.00707445   0.00000000
  0.00694828  -0.00845397     0.30758023  -0.00000000    -0.00694828   0.00845397
 -0.00707445   0.00000000    -0.00694828  -0.00845397     0.25280661   0.00000000
    1    2
 -0.06654177   0.06418180     0.04278712  -0.04011232    -0.13647291  -0.03987595
  0.04278712  -0.04011232    -0.08295387   0.06364393    -0.04278712   0.04011232
 -0.13647291  -0.03987595    -0.04278712   0.04011232    -0.06654177   0.06418180
    2    1
 -0.06654177  -0.06418180     0.04278712   0.04011232    -0.13647291   0.03987595
  0.04278712   0.04011232    -0.08295387  -0.06364393    -0.04278712  -0.04011232
 -0.13647291   0.03987595    -0.04278712  -0.04011232    -0.06654177  -0.06418180
    2    2
  0.25280661   0.00000000     0.00694828  -0.00845397    -0.00707445   0.00000000
  0.00694828   0.00845397     0.30758023   0.00000000    -0.00694828  -0.00845397
 -0.00707445   0.00000000    -0.00694828   0.00845397     0.25280661   0.00000000

     Dynamical  Matrix in cartesian axes

     q = (   -0.750000000   0.250000000  -0.750000000 ) 

    1    1
  0.25280661   0.00000000    -0.00694828  -0.00845397     0.00707445   0.00000000
 -0.00694828   0.00845397     0.30758023   0.00000000    -0.00694828   0.00845397
  0.00707445   0.00000000    -0.00694828  -0.00845397     0.25280661   0.00000000
    1    2
 -0.06418180  -0.06654177    -0.04011232  -0.04278712    -0.03987595   0.13647291
 -0.04011232  -0.04278712    -0.06364393  -0.08295387    -0.04011232  -0.04278712
 -0.03987595   0.13647291    -0.04011232  -0.04278712    -0.06418180  -0.06654177
    2    1
 -0.06418180   0.06654177    -0.04011232   0.04278712    -0.03987595  -0.13647291
 -0.04011232   0.04278712    -0.06364393   0.08295387    -0.04011232   0.04278712
 -0.03987595  -0.13647291    -0.04011232   0.04278712    -0.06418180   0.06654177
    2    2
  0.25280661  -0.00000000    -0.00694828   0.00845397     0.00707445  -0.00000000
 -0.00694828  -0.00845397     0.30758023  -0.00000000    -0.00694828  -0.00845397
  0.00707445  -0.00000000    -0.00694828   0.00845397     0.25280661  -0.00000000

     Dynamical  Matrix in cartesian axes

     q = (   -0.250000000   0.750000000  -0.750000000 ) 

    1    1
  0.30758023   0.00000000    -0.00694828   0.00845397     0.00694828  -0.00845397
 -0.00694828  -0.00845397     0.25280661   0.00000000    -0.00707445  -0.00000000
  0.00694828   0.00845397    -0.00707445  -0.00000000     0.25280661   0.00000000
    1    2
 -0.08295387   0.06364393    -0.04278712   0.04011232     0.04278712  -0.04011232
 -0.04278712   0.04011232    -0.06654177   0.06418180    -0.13647291  -0.03987595
  0.04278712  -0.04011232    -0.13647291  -0.03987595    -0.06654177   0.06418180
    2    1
 -0.08295387  -0.06364393    -0.04278712  -0.04011232     0.04278712   0.04011232
 -0.04278712  -0.04011232    -0.06654177  -0.06418180    -0.13647291   0.03987595
  0.04278712   0.04011232    -0.13647291   0.03987595    -0.06654177  -0.06418180
    2    2
  0.30758023  -0.00000000    -0.00694828  -0.00845397     0.00694828   0.00845397
 -0.00694828   0.00845397     0.25280661  -0.00000000    -0.00707445   0.00000000
  0.00694828  -0.00845397    -0.00707445   0.00000000     0.25280661  -0.00000000

     Dynamical  Matrix in cartesian axes

     q = (   -0.750000000   0.750000000  -0.250000000 ) 

    1    1
  0.25280661   0.00000000    -0.00707445  -0.00000000     0.00694828   0.00845397
 -0.00707445  -0.00000000     0.25280661   0.00000000    -0.00694828  -0.00845397
  0.00694828  -0.00845397    -0.00694828   0.00845397     0.30758023   0.00000000
    1    2
 -0.06654177   0.06418180    -0.13647291  -0.03987595     0.04278712  -0.04011232
 -0.13647291  -0.03987595    -0.06654177   0.06418180    -0.04278712   0.04011232
  0.04278712  -0.04011232    -0.04278712   0.04011232    -0.08295387   0.06364393
    2    1
 -0.06654177  -0.06418180    -0.13647291   0.03987595     0.04278712   0.04011232
 -0.13647291   0.03987595    -0.06654177  -0.06418180    -0.04278712  -0.04011232
  0.04278712   0.04011232    -0.04278712  -0.04011232    -0.08295387  -0.06364393
    2    2
  0.25280661  -0.00000000    -0.00707445   0.00000000     0.00694828  -0.00845397
 -0.00707445   0.00000000     0.25280661  -0.00000000    -0.00694828   0.00845397
  0.00694828   0.00845397    -0.00694828  -0.00845397     0.30758023  -0.00000000

     Dynamical  Matrix in cartesian axes

     q = (    0.750000000   0.250000000   0.750000000 ) 

    1    1
  0.25280661  -0.00000000     0.00694828   0.00845397     0.00707445  -0.00000000
  0.00694828  -0.00845397     0.30758023  -0.00000000     0.00694828  -0.00845397
  0.00707445  -0.00000000     0.00694828   0.00845397     0.25280661  -0.00000000
    1    2
  0.06654177  -0.06418180    -0.04278712   0.04011232    -0.13647291  -0.03987595
 -0.04278712   0.04011232     0.08295387  -0.06364393    -0.04278712   0.04011232
 -0.13647291  -0.03987595    -0.04278712   0.04011232     0.06654177  -0.06418180
    2    1
  0.06654177   0.06418180    -0.04278712  -0.04011232    -0.13647291   0.03987595
 -0.04278712  -0.04011232     0.08295387   0.06364393    -0.04278712  -0.04011232
 -0.13647291   0.03987595    -0.04278712  -0.04011232     0.06654177   0.06418180
    2    2
  0.25280661   0.00000000     0.00694828  -0.00845397     0.00707445   0.00000000
  0.00694828   0.00845397     0.30758023   0.00000000     0.00694828   0.00845397
  0.00707445   0.00000000     0.00694828  -0.00845397     0.25280661   0.00000000

     Dynamical  Matrix in cartesian axes

     q = (   -0.750000000   0.250000000   0.750000000 ) 

    1    1
  0.25280661   0.00000000    -0.00694828   0.00845397    -0.00707445   0.00000000
 -0.00694828  -0.00845397     0.30758023  -0.00000000     0.00694828   0.00845397
 -0.00707445   0.00000000     0.00694828  -0.00845397     0.25280661   0.00000000
    1    2
 -0.06654177  -0.06418180    -0.04278712  -0.04011232    -0.13647291   0.03987595
 -0.04278712  -0.04011232    -0.08295387  -0.06364393     0.04278712   0.04011232
 -0.13647291   0.03987595     0.04278712   0.04011232    -0.06654177  -0.06418180
    2    1
 -0.06654177   0.06418180    -0.04278712   0.04011232    -0.13647291  -0.03987595
 -0.04278712   0.04011232    -0.08295387   0.06364393     0.04278712  -0.04011232
 -0.13647291  -0.03987595     0.04278712  -0.04011232    -0.06654177   0.06418180
    2    2
  0.25280661   0.00000000    -0.00694828  -0.00845397    -0.00707445   0.00000000
 -0.00694828   0.00845397     0.30758023   0.00000000     0.00694828  -0.00845397
 -0.00707445   0.00000000     0.00694828   0.00845397     0.25280661   0.00000000

     Dynamical  Matrix in cartesian axes

     q = (    0.750000000   0.250000000  -0.750000000 ) 

    1    1
  0.25280661   0.00000000     0.00694828  -0.00845397    -0.00707445   0.00000000
  0.00694828   0.00845397     0.30758023   0.00000000    -0.00694828  -0.00845397
 -0.00707445   0.00000000    -0.00694828   0.00845397     0.25280661   0.00000000
    1    2
 -0.06654177  -0.06418180     0.04278712   0.04011232    -0.13647291   0.03987595
  0.04278712   0.04011232    -0.08295387  -0.06364393    -0.04278712  -0.04011232
 -0.13647291   0.03987595    -0.04278712  -0.04011232    -0.06654177  -0.06418180
    2    1
 -0.06654177   0.06418180     0.04278712  -0.04011232    -0.13647291  -0.03987595
  0.04278712  -0.04011232    -0.08295387   0.06364393    -0.04278712   0.04011232
 -0.13647291  -0.03987595    -0.04278712   0.04011232    -0.06654177   0.06418180
    2    2
  0.25280661   0.00000000     0.00694828   0.00845397    -0.00707445   0.00000000
  0.00694828  -0.00845397     0.30758023  -0.00000000    -0.00694828   0.00845397
 -0.00707445   0.00000000    -0.00694828  -0.00845397     0.25280661   0.00000000

     Dynamical  Matrix in cartesian axes

     q = (   -0.750000000   0.750000000   0.250000000 ) 

    1    1
  0.25280661  -0.00000000    -0.00707445   0.00000000    -0.00694828   0.00845397
 -0.00707445   0.00000000     0.25280661  -0.00000000     0.00694828  -0.00845397
 -0.00694828  -0.00845397     0.00694828   0.00845397     0.30758023  -0.00000000
    1    2
 -0.06654177  -0.06418180    -0.13647291   0.03987595    -0.04278712  -0.04011232
 -0.13647291   0.03987595    -0.06654177  -0.06418180     0.04278712   0.04011232
 -0.04278712  -0.04011232     0.04278712   0.04011232    -0.08295387  -0.06364393
    2    1
 -0.06654177   0.06418180    -0.13647291  -0.03987595    -0.04278712   0.04011232
 -0.13647291  -0.03987595    -0.06654177   0.06418180     0.04278712  -0.04011232
 -0.04278712   0.04011232     0.04278712  -0.04011232    -0.08295387   0.06364393
    2    2
  0.25280661   0.00000000    -0.00707445  -0.00000000    -0.00694828  -0.00845397
 -0.00707445  -0.00000000     0.25280661   0.00000000     0.00694828   0.00845397
 -0.00694828   0.00845397     0.00694828  -0.00845397     0.30758023   0.00000000

     Dynamical  Matrix in cartesian axes

     q = (   -0.250000000   0.750000000   0.750000000 ) 

    1    1
  0.30758023  -0.00000000    -0.00694828  -0.00845397    -0.00694828  -0.00845397
 -0.00694828   0.00845397     0.25280661  -0.00000000     0.00707445   0.00000000
 -0.00694828   0.00845397     0.00707445   0.00000000     0.25280661  -0.00000000
    1    2
 -0.06364393   0.08295387    -0.04011232   0.04278712    -0.04011232   0.04278712
 -0.04011232   0.04278712    -0.06418180   0.06654177    -0.03987595  -0.13647291
 -0.04011232   0.04278712    -0.03987595  -0.13647291    -0.06418180   0.06654177
    2    1
 -0.06364393  -0.08295387    -0.04011232  -0.04278712    -0.04011232  -0.04278712
 -0.04011232  -0.04278712    -0.06418180  -0.06654177    -0.03987595   0.13647291
 -0.04011232  -0.04278712    -0.03987595   0.13647291    -0.06418180  -0.06654177
    2    2
  0.30758023   0.00000000    -0.00694828   0.00845397    -0.00694828   0.00845397
 -0.00694828  -0.00845397     0.25280661   0.00000000     0.00707445  -0.00000000
 -0.00694828  -0.00845397     0.00707445  -0.00000000     0.25280661   0.00000000

     Dynamical  Matrix in cartesian axes

     q = (    0.250000000   0.750000000  -0.750000000 ) 

    1    1
  0.30758023   0.00000000     0.00694828   0.00845397    -0.00694828  -0.00845397
  0.00694828  -0.00845397     0.25280661   0.00000000    -0.00707445  -0.00000000
 -0.00694828   0.00845397    -0.00707445  -0.00000000     0.25280661   0.00000000
    1    2
 -0.08295387  -0.06364393     0.04278712   0.04011232    -0.04278712  -0.04011232
  0.04278712   0.04011232    -0.06654177  -0.06418180    -0.13647291   0.03987595
 -0.04278712  -0.04011232    -0.13647291   0.03987595    -0.06654177  -0.06418180
    2    1
 -0.08295387   0.06364393     0.04278712  -0.04011232    -0.04278712   0.04011232
  0.04278712  -0.04011232    -0.06654177   0.06418180    -0.13647291  -0.03987595
 -0.04278712   0.04011232    -0.13647291  -0.03987595    -0.06654177   0.06418180
    2    2
  0.30758023  -0.00000000     0.00694828  -0.00845397    -0.00694828   0.00845397
  0.00694828   0.00845397     0.25280661  -0.00000000    -0.00707445   0.00000000
 -0.00694828  -0.00845397    -0.00707445   0.00000000     0.25280661  -0.00000000

     Dynamical  Matrix in cartesian axes

     q = (   -0.250000000  -0.750000000  -0.750000000 ) 

    1    1
  0.30758023   0.00000000     0.00694828   0.00845397     0.00694828   0.00845397
  0.00694828  -0.00845397     0.25280661   0.00000000     0.00707445  -0.00000000
  0.00694828  -0.00845397     0.00707445  -0.00000000     0.25280661   0.00000000
    1    2
  0.08295387   0.06364393    -0.04278712  -0.04011232    -0.04278712  -0.04011232
 -0.04278712  -0.04011232     0.06654177   0.06418180    -0.13647291   0.03987595
 -0.04278712  -0.04011232    -0.13647291   0.03987595     0.06654177   0.06418180
    2    1
  0.08295387  -0.06364393    -0.04278712   0.04011232    -0.04278712   0.04011232
 -0.04278712   0.04011232     0.06654177  -0.06418180    -0.13647291  -0.03987595
 -0.04278712   0.04011232    -0.13647291  -0.03987595     0.06654177  -0.06418180
    2    2
  0.30758023  -0.00000000     0.00694828  -0.00845397     0.00694828  -0.00845397
  0.00694828   0.00845397     0.25280661  -0.00000000     0.00707445   0.00000000
  0.00694828   0.00845397     0.00707445   0.00000000     0.25280661  -0.00000000

     Dynamical  Matrix in cartesian axes

     q = (    0.750000000   0.750000000  -0.250000000 ) 

    1    1
  0.25280661   0.00000000     0.00707445   0.00000000    -0.00694828   0.00845397
  0.00707445   0.00000000     0.25280661   0.00000000    -0.00694828   0.00845397
 -0.00694828  -0.00845397    -0.00694828  -0.00845397     0.30758023   0.00000000
    1    2
 -0.06418180   0.06654177    -0.03987595  -0.13647291    -0.04011232   0.04278712
 -0.03987595  -0.13647291    -0.06418180   0.06654177    -0.04011232   0.04278712
 -0.04011232   0.04278712    -0.04011232   0.04278712    -0.06364393   0.08295387
    2    1
 -0.06418180  -0.06654177    -0.03987595   0.13647291    -0.04011232  -0.04278712
 -0.03987595   0.13647291    -0.06418180  -0.06654177    -0.04011232  -0.04278712
 -0.04011232  -0.04278712    -0.04011232  -0.04278712    -0.06364393  -0.08295387
    2    2
  0.25280661  -0.00000000     0.00707445  -0.00000000    -0.00694828  -0.00845397
  0.00707445  -0.00000000     0.25280661  -0.00000000    -0.00694828  -0.00845397
 -0.00694828   0.00845397    -0.00694828   0.00845397     0.30758023  -0.00000000

     Dynamical  Matrix in cartesian axes

     q = (    0.750000000  -0.750000000   0.250000000 ) 

    1    1
  0.25280661  -0.00000000    -0.00707445   0.00000000     0.00694828  -0.00845397
 -0.00707445   0.00000000     0.25280661  -0.00000000    -0.00694828   0.00845397
  0.00694828   0.00845397    -0.00694828  -0.00845397     0.30758023  -0.00000000
    1    2
 -0.06654177  -0.06418180    -0.13647291   0.03987595     0.04278712   0.04011232
 -0.13647291   0.03987595    -0.06654177  -0.06418180    -0.04278712  -0.04011232
  0.04278712   0.04011232    -0.04278712  -0.04011232    -0.08295387  -0.06364393
    2    1
 -0.06654177   0.06418180    -0.13647291  -0.03987595     0.04278712  -0.04011232
 -0.13647291  -0.03987595    -0.06654177   0.06418180    -0.04278712   0.04011232
  0.04278712  -0.04011232    -0.04278712   0.04011232    -0.08295387   0.06364393
    2    2
  0.25280661   0.00000000    -0.00707445  -0.00000000     0.00694828   0.00845397
 -0.00707445  -0.00000000     0.25280661   0.00000000    -0.00694828  -0.00845397
  0.00694828  -0.00845397    -0.00694828   0.00845397     0.30758023   0.00000000

     Dynamical  Matrix in cartesian axes

     q = (   -0.750000000  -0.750000000  -0.250000000 ) 

    1    1
  0.25280661  -0.00000000     0.00707445  -0.00000000     0.00694828  -0.00845397
  0.00707445  -0.00000000     0.25280661  -0.00000000     0.00694828  -0.00845397
  0.00694828   0.00845397     0.00694828   0.00845397     0.30758023  -0.00000000
    1    2
  0.06654177   0.06418180    -0.13647291   0.03987595    -0.04278712  -0.04011232
 -0.13647291   0.03987595     0.06654177   0.06418180    -0.04278712  -0.04011232
 -0.04278712  -0.04011232    -0.04278712  -0.04011232     0.08295387   0.06364393
    2    1
  0.06654177  -0.06418180    -0.13647291  -0.03987595    -0.04278712   0.04011232
 -0.13647291  -0.03987595     0.06654177  -0.06418180    -0.04278712   0.04011232
 -0.04278712   0.04011232    -0.04278712   0.04011232     0.08295387  -0.06364393
    2    2
  0.25280661   0.00000000     0.00707445   0.00000000     0.00694828   0.00845397
  0.00707445   0.00000000     0.25280661   0.00000000     0.00694828   0.00845397
  0.00694828  -0.00845397     0.00694828  -0.00845397     0.30758023   0.00000000

     Dynamical  Matrix in cartesian axes

     q = (    0.250000000  -0.750000000   0.750000000 ) 

    1    1
  0.30758023  -0.00000000    -0.00694828  -0.00845397     0.00694828   0.00845397
 -0.00694828   0.00845397     0.25280661  -0.00000000    -0.00707445   0.00000000
  0.00694828  -0.00845397    -0.00707445   0.00000000     0.25280661  -0.00000000
    1    2
 -0.08295387  -0.06364393    -0.04278712  -0.04011232     0.04278712   0.04011232
 -0.04278712  -0.04011232    -0.06654177  -0.06418180    -0.13647291   0.03987595
  0.04278712   0.04011232    -0.13647291   0.03987595    -0.06654177  -0.06418180
    2    1
 -0.08295387   0.06364393    -0.04278712   0.04011232     0.04278712  -0.04011232
 -0.04278712   0.04011232    -0.06654177   0.06418180    -0.13647291  -0.03987595
  0.04278712  -0.04011232    -0.13647291  -0.03987595    -0.06654177   0.06418180
    2    2
  0.30758023   0.00000000    -0.00694828   0.00845397     0.00694828  -0.00845397
 -0.00694828  -0.00845397     0.25280661   0.00000000    -0.00707445  -0.00000000
  0.00694828   0.00845397    -0.00707445  -0.00000000     0.25280661   0.00000000

     Dynamical  Matrix in cartesian axes

     q = (   -0.750000000  -0.750000000   0.250000000 ) 

    1    1
  0.25280661  -0.00000000     0.00707445  -0.00000000    -0.00694828  -0.00845397
  0.00707445  -0.00000000     0.25280661  -0.00000000    -0.00694828  -0.00845397
 -0.00694828   0.00845397    -0.00694828   0.00845397     0.30758023  -0.00000000
    1    2
 -0.06418180  -0.06654177    -0.03987595   0.13647291    -0.04011232  -0.04278712
 -0.03987595   0.13647291    -0.06418180  -0.06654177    -0.04011232  -0.04278712
 -0.04011232  -0.04278712    -0.04011232  -0.04278712    -0.06364393  -0.08295387
    2    1
 -0.06418180   0.06654177    -0.03987595  -0.13647291    -0.04011232   0.04278712
 -0.03987595  -0.13647291    -0.06418180   0.06654177    -0.04011232   0.04278712
 -0.04011232   0.04278712    -0.04011232   0.04278712    -0.06364393   0.08295387
    2    2
  0.25280661   0.00000000     0.00707445   0.00000000    -0.00694828   0.00845397
  0.00707445   0.00000000     0.25280661   0.00000000    -0.00694828   0.00845397
 -0.00694828  -0.00845397    -0.00694828  -0.00845397     0.30758023   0.00000000

     Dynamical  Matrix in cartesian axes

     q = (    0.250000000   0.750000000   0.750000000 ) 

    1    1
  0.30758023  -0.00000000     0.00694828  -0.00845397     0.00694828  -0.00845397
  0.00694828   0.00845397     0.25280661  -0.00000000     0.00707445   0.00000000
  0.00694828   0.00845397     0.00707445   0.00000000     0.25280661  -0.00000000
    1    2
  0.08295387  -0.06364393    -0.04278712   0.04011232    -0.04278712   0.04011232
 -0.04278712   0.04011232     0.06654177  -0.06418180    -0.13647291  -0.03987595
 -0.04278712   0.04011232    -0.13647291  -0.03987595     0.06654177  -0.06418180
    2    1
  0.08295387   0.06364393    -0.04278712  -0.04011232    -0.04278712  -0.04011232
 -0.04278712  -0.04011232     0.06654177   0.06418180    -0.13647291   0.03987595
 -0.04278712  -0.04011232    -0.13647291   0.03987595     0.06654177   0.06418180
    2    2
  0.30758023   0.00000000     0.00694828   0.00845397     0.00694828   0.00845397
  0.00694828  -0.00845397     0.25280661   0.00000000     0.00707445  -0.00000000
  0.00694828  -0.00845397     0.00707445  -0.00000000     0.25280661   0.00000000

     Dynamical  Matrix in cartesian axes

     q = (   -0.250000000  -0.750000000   0.750000000 ) 

    1    1
  0.30758023  -0.00000000     0.00694828  -0.00845397    -0.00694828   0.00845397
  0.00694828   0.00845397     0.25280661  -0.00000000    -0.00707445   0.00000000
 -0.00694828  -0.00845397    -0.00707445   0.00000000     0.25280661  -0.00000000
    1    2
 -0.08295387   0.06364393     0.04278712  -0.04011232    -0.04278712   0.04011232
  0.04278712  -0.04011232    -0.06654177   0.06418180    -0.13647291  -0.03987595
 -0.04278712   0.04011232    -0.13647291  -0.03987595    -0.06654177   0.06418180
    2    1
 -0.08295387  -0.06364393     0.04278712   0.04011232    -0.04278712  -0.04011232
  0.04278712   0.04011232    -0.06654177  -0.06418180    -0.13647291   0.03987595
 -0.04278712  -0.04011232    -0.13647291   0.03987595    -0.06654177  -0.06418180
    2    2
  0.30758023   0.00000000     0.00694828   0.00845397    -0.00694828  -0.00845397
  0.00694828  -0.00845397     0.25280661   0.00000000    -0.00707445  -0.00000000
 -0.00694828   0.00845397    -0.00707445  -0.00000000     0.25280661   0.00000000

     Dynamical  Matrix in cartesian axes

     q = (    0.750000000   0.750000000   0.250000000 ) 

    1    1
  0.25280661   0.00000000     0.00707445   0.00000000     0.00694828   0.00845397
  0.00707445   0.00000000     0.25280661   0.00000000     0.00694828   0.00845397
  0.00694828  -0.00845397     0.00694828  -0.00845397     0.30758023   0.00000000
    1    2
  0.06654177  -0.06418180    -0.13647291  -0.03987595    -0.04278712   0.04011232
 -0.13647291  -0.03987595     0.06654177  -0.06418180    -0.04278712   0.04011232
 -0.04278712   0.04011232    -0.04278712   0.04011232     0.08295387  -0.06364393
    2    1
  0.06654177   0.06418180    -0.13647291   0.03987595    -0.04278712  -0.04011232
 -0.13647291   0.03987595     0.06654177   0.06418180    -0.04278712  -0.04011232
 -0.04278712  -0.04011232    -0.04278712  -0.04011232     0.08295387   0.06364393
    2    2
  0.25280661  -0.00000000     0.00707445  -0.00000000     0.00694828  -0.00845397
  0.00707445  -0.00000000     0.25280661  -0.00000000     0.00694828  -0.00845397
  0.00694828   0.00845397     0.00694828   0.00845397     0.30758023  -0.00000000

     Dynamical  Matrix in cartesian axes

     q = (    0.250000000  -0.750000000  -0.750000000 ) 

    1    1
  0.30758023   0.00000000    -0.00694828   0.00845397    -0.00694828   0.00845397
 -0.00694828  -0.00845397     0.25280661   0.00000000     0.00707445  -0.00000000
 -0.00694828  -0.00845397     0.00707445  -0.00000000     0.25280661   0.00000000
    1    2
 -0.06364393  -0.08295387    -0.04011232  -0.04278712    -0.04011232  -0.04278712
 -0.04011232  -0.04278712    -0.06418180  -0.06654177    -0.03987595   0.13647291
 -0.04011232  -0.04278712    -0.03987595   0.13647291    -0.06418180  -0.06654177
    2    1
 -0.06364393   0.08295387    -0.04011232   0.04278712    -0.04011232   0.04278712
 -0.04011232   0.04278712    -0.06418180   0.06654177    -0.03987595  -0.13647291
 -0.04011232   0.04278712    -0.03987595  -0.13647291    -0.06418180   0.06654177
    2    2
  0.30758023  -0.00000000    -0.00694828  -0.00845397    -0.00694828  -0.00845397
 -0.00694828   0.00845397     0.25280661  -0.00000000     0.00707445   0.00000000
 -0.00694828   0.00845397     0.00707445   0.00000000     0.25280661  -0.00000000

     Dynamical  Matrix in cartesian axes

     q = (    0.750000000  -0.750000000  -0.250000000 ) 

    1    1
  0.25280661   0.00000000    -0.00707445  -0.00000000    -0.00694828  -0.00845397
 -0.00707445  -0.00000000     0.25280661   0.00000000     0.00694828   0.00845397
 -0.00694828   0.00845397     0.00694828  -0.00845397     0.30758023   0.00000000
    1    2
 -0.06654177   0.06418180    -0.13647291  -0.03987595    -0.04278712   0.04011232
 -0.13647291  -0.03987595    -0.06654177   0.06418180     0.04278712  -0.04011232
 -0.04278712   0.04011232     0.04278712  -0.04011232    -0.08295387   0.06364393
    2    1
 -0.06654177  -0.06418180    -0.13647291   0.03987595    -0.04278712  -0.04011232
 -0.13647291   0.03987595    -0.06654177  -0.06418180     0.04278712   0.04011232
 -0.04278712  -0.04011232     0.04278712   0.04011232    -0.08295387  -0.06364393
    2    2
  0.25280661  -0.00000000    -0.00707445   0.00000000    -0.00694828   0.00845397
 -0.00707445   0.00000000     0.25280661  -0.00000000     0.00694828  -0.00845397
 -0.00694828  -0.00845397     0.00694828   0.00845397     0.30758023  -0.00000000

     Diagonalizing the dynamical matrix

     q = (    0.750000000  -0.250000000   0.750000000 ) 

 **************************************************************************
     freq (    1) =       4.177053 [THz] =     139.331482 [cm-1]
 ( -0.059438  0.496455 -0.000000  0.000000  0.059438 -0.496455 ) 
 ( -0.500000 -0.000000 -0.000000 -0.000000  0.500000  0.000000 ) 
     freq (    2) =       6.163022 [THz] =     205.576297 [cm-1]
 ( -0.395742 -0.141036 -0.350869  0.154549 -0.395742 -0.141036 ) 
 ( -0.420123 -0.000000 -0.278625 -0.263367 -0.420123  0.000000 ) 
     freq (    3) =       9.519284 [THz] =     317.529136 [cm-1]
 ( -0.087986  0.302904 -0.401170 -0.374270 -0.087986  0.302904 ) 
 (  0.315424 -0.000000 -0.247510 -0.489647  0.315424  0.000000 ) 
     freq (    4) =      12.273822 [THz] =     409.410649 [cm-1]
 ( -0.117541 -0.317198  0.408712  0.322636 -0.117541 -0.317198 ) 
 (  0.338276  0.000000 -0.444548 -0.271138  0.338276  0.000000 ) 
     freq (    5) =      13.796413 [THz] =     460.198793 [cm-1]
 ( -0.059438  0.496455 -0.000000  0.000000  0.059438 -0.496455 ) 
 (  0.500000  0.000000  0.000000  0.000000 -0.500000  0.000000 ) 
     freq (    6) =      14.163104 [THz] =     472.430301 [cm-1]
 (  0.298308  0.143481  0.480716 -0.223078  0.298308  0.143481 ) 
 ( -0.331020  0.000000 -0.336517 -0.409399 -0.331020  0.000000 ) 
 **************************************************************************
