Dynamical matrix file
Ph                                                                         
  1    2  2 10.4000000  0.0000000  0.0000000  0.0000000  0.0000000  0.0000000
           1  'Si  '    25598.822984527003     
    1    1      0.0000000000      0.0000000000      0.0000000000
    2    1      0.2500000000      0.2500000000      0.2500000000

     Dynamical  Matrix in cartesian axes

     q = (   -0.250000000   0.250000000  -0.250000000 ) 

    1    1
  0.25217040  0.00000000   -0.01202093  0.00000000    0.01202093  0.00000000
 -0.01202093  0.00000000    0.25217040  0.00000000   -0.01202093  0.00000000
  0.01202093  0.00000000   -0.01202093  0.00000000    0.25217040  0.00000000
    1    2
 -0.18974508 -0.05755797   -0.02916475  0.03143678    0.02916475 -0.03143678
 -0.02916475  0.03143678   -0.18974508 -0.05755797   -0.02916475  0.03143678
  0.02916475 -0.03143678   -0.02916475  0.03143678   -0.18974508 -0.05755797
    2    1
 -0.18974508  0.05755797   -0.02916475 -0.03143678    0.02916475  0.03143678
 -0.02916475 -0.03143678   -0.18974508  0.05755797   -0.02916475 -0.03143678
  0.02916475  0.03143678   -0.02916475 -0.03143678   -0.18974508  0.05755797
    2    2
  0.25217040  0.00000000   -0.01202093  0.00000000    0.01202093  0.00000000
 -0.01202093  0.00000000    0.25217040  0.00000000   -0.01202093  0.00000000
  0.01202093  0.00000000   -0.01202093  0.00000000    0.25217040  0.00000000

     Dynamical  Matrix in cartesian axes

     q = (    0.250000000  -0.250000000  -0.250000000 ) 

    1    1
  0.25217040  0.00000000   -0.01202093  0.00000000   -0.01202093  0.00000000
 -0.01202093  0.00000000    0.25217040  0.00000000    0.01202093  0.00000000
 -0.01202093  0.00000000    0.01202093  0.00000000    0.25217040  0.00000000
    1    2
 -0.18974508 -0.05755797   -0.02916475  0.03143678   -0.02916475  0.03143678
 -0.02916475  0.03143678   -0.18974508 -0.05755797    0.02916475 -0.03143678
 -0.02916475  0.03143678    0.02916475 -0.03143678   -0.18974508 -0.05755797
    2    1
 -0.18974508  0.05755797   -0.02916475 -0.03143678   -0.02916475 -0.03143678
 -0.02916475 -0.03143678   -0.18974508  0.05755797    0.02916475  0.03143678
 -0.02916475 -0.03143678    0.02916475  0.03143678   -0.18974508  0.05755797
    2    2
  0.25217040  0.00000000   -0.01202093  0.00000000   -0.01202093  0.00000000
 -0.01202093  0.00000000    0.25217040  0.00000000    0.01202093  0.00000000
 -0.01202093  0.00000000    0.01202093  0.00000000    0.25217040  0.00000000

     Dynamical  Matrix in cartesian axes

     q = (    0.250000000  -0.250000000   0.250000000 ) 

    1    1
  0.25217040  0.00000000   -0.01202093  0.00000000    0.01202093  0.00000000
 -0.01202093  0.00000000    0.25217040  0.00000000   -0.01202093  0.00000000
  0.01202093  0.00000000   -0.01202093  0.00000000    0.25217040  0.00000000
    1    2
 -0.18974508  0.05755797   -0.02916475 -0.03143678    0.02916475  0.03143678
 -0.02916475 -0.03143678   -0.18974508  0.05755797   -0.02916475 -0.03143678
  0.02916475  0.03143678   -0.02916475 -0.03143678   -0.18974508  0.05755797
    2    1
 -0.18974508 -0.05755797   -0.02916475  0.03143678    0.02916475 -0.03143678
 -0.02916475  0.03143678   -0.18974508 -0.05755797   -0.02916475  0.03143678
  0.02916475 -0.03143678   -0.02916475  0.03143678   -0.18974508 -0.05755797
    2    2
  0.25217040  0.00000000   -0.01202093  0.00000000    0.01202093  0.00000000
 -0.01202093  0.00000000    0.25217040  0.00000000   -0.01202093  0.00000000
  0.01202093  0.00000000   -0.01202093  0.00000000    0.25217040  0.00000000

     Dynamical  Matrix in cartesian axes

     q = (    0.250000000   0.250000000   0.250000000 ) 

    1    1
  0.25217040  0.00000000    0.01202093  0.00000000    0.01202093  0.00000000
  0.01202093  0.00000000    0.25217040  0.00000000    0.01202093  0.00000000
  0.01202093  0.00000000    0.01202093  0.00000000    0.25217040  0.00000000
    1    2
 -0.05755797  0.18974508   -0.03143678 -0.02916475   -0.03143678 -0.02916475
 -0.03143678 -0.02916475   -0.05755797  0.18974508   -0.03143678 -0.02916475
 -0.03143678 -0.02916475   -0.03143678 -0.02916475   -0.05755797  0.18974508
    2    1
 -0.05755797 -0.18974508   -0.03143678  0.02916475   -0.03143678  0.02916475
 -0.03143678  0.02916475   -0.05755797 -0.18974508   -0.03143678  0.02916475
 -0.03143678  0.02916475   -0.03143678  0.02916475   -0.05755797 -0.18974508
    2    2
  0.25217040  0.00000000    0.01202093  0.00000000    0.01202093  0.00000000
  0.01202093  0.00000000    0.25217040  0.00000000    0.01202093  0.00000000
  0.01202093  0.00000000    0.01202093  0.00000000    0.25217040  0.00000000

     Dynamical  Matrix in cartesian axes

     q = (   -0.250000000  -0.250000000  -0.250000000 ) 

    1    1
  0.25217040  0.00000000    0.01202093  0.00000000    0.01202093  0.00000000
  0.01202093  0.00000000    0.25217040  0.00000000    0.01202093  0.00000000
  0.01202093  0.00000000    0.01202093  0.00000000    0.25217040  0.00000000
    1    2
 -0.05755797 -0.18974508   -0.03143678  0.02916475   -0.03143678  0.02916475
 -0.03143678  0.02916475   -0.05755797 -0.18974508   -0.03143678  0.02916475
 -0.03143678  0.02916475   -0.03143678  0.02916475   -0.05755797 -0.18974508
    2    1
 -0.05755797  0.18974508   -0.03143678 -0.02916475   -0.03143678 -0.02916475
 -0.03143678 -0.02916475   -0.05755797  0.18974508   -0.03143678 -0.02916475
 -0.03143678 -0.02916475   -0.03143678 -0.02916475   -0.05755797  0.18974508
    2    2
  0.25217040  0.00000000    0.01202093  0.00000000    0.01202093  0.00000000
  0.01202093  0.00000000    0.25217040  0.00000000    0.01202093  0.00000000
  0.01202093  0.00000000    0.01202093  0.00000000    0.25217040  0.00000000

     Dynamical  Matrix in cartesian axes

     q = (   -0.250000000  -0.250000000   0.250000000 ) 

    1    1
  0.25217040  0.00000000    0.01202093  0.00000000   -0.01202093  0.00000000
  0.01202093  0.00000000    0.25217040  0.00000000   -0.01202093  0.00000000
 -0.01202093  0.00000000   -0.01202093  0.00000000    0.25217040  0.00000000
    1    2
 -0.18974508 -0.05755797    0.02916475 -0.03143678   -0.02916475  0.03143678
  0.02916475 -0.03143678   -0.18974508 -0.05755797   -0.02916475  0.03143678
 -0.02916475  0.03143678   -0.02916475  0.03143678   -0.18974508 -0.05755797
    2    1
 -0.18974508  0.05755797    0.02916475  0.03143678   -0.02916475 -0.03143678
  0.02916475  0.03143678   -0.18974508  0.05755797   -0.02916475 -0.03143678
 -0.02916475 -0.03143678   -0.02916475 -0.03143678   -0.18974508  0.05755797
    2    2
  0.25217040  0.00000000    0.01202093  0.00000000   -0.01202093  0.00000000
  0.01202093  0.00000000    0.25217040  0.00000000   -0.01202093  0.00000000
 -0.01202093  0.00000000   -0.01202093  0.00000000    0.25217040  0.00000000

     Dynamical  Matrix in cartesian axes

     q = (   -0.250000000   0.250000000   0.250000000 ) 

    1    1
  0.25217040  0.00000000   -0.01202093  0.00000000   -0.01202093  0.00000000
 -0.01202093  0.00000000    0.25217040  0.00000000    0.01202093  0.00000000
 -0.01202093  0.00000000    0.01202093  0.00000000    0.25217040  0.00000000
    1    2
 -0.18974508  0.05755797   -0.02916475 -0.03143678   -0.02916475 -0.03143678
 -0.02916475 -0.03143678   -0.18974508  0.05755797    0.02916475  0.03143678
 -0.02916475 -0.03143678    0.02916475  0.03143678   -0.18974508  0.05755797
    2    1
 -0.18974508 -0.05755797   -0.02916475  0.03143678   -0.02916475  0.03143678
 -0.02916475  0.03143678   -0.18974508 -0.05755797    0.02916475 -0.03143678
 -0.02916475  0.03143678    0.02916475 -0.03143678   -0.18974508 -0.05755797
    2    2
  0.25217040  0.00000000   -0.01202093  0.00000000   -0.01202093  0.00000000
 -0.01202093  0.00000000    0.25217040  0.00000000    0.01202093  0.00000000
 -0.01202093  0.00000000    0.01202093  0.00000000    0.25217040  0.00000000

     Dynamical  Matrix in cartesian axes

     q = (    0.250000000   0.250000000  -0.250000000 ) 

    1    1
  0.25217040  0.00000000    0.01202093  0.00000000   -0.01202093  0.00000000
  0.01202093  0.00000000    0.25217040  0.00000000   -0.01202093  0.00000000
 -0.01202093  0.00000000   -0.01202093  0.00000000    0.25217040  0.00000000
    1    2
 -0.18974508  0.05755797    0.02916475  0.03143678   -0.02916475 -0.03143678
  0.02916475  0.03143678   -0.18974508  0.05755797   -0.02916475 -0.03143678
 -0.02916475 -0.03143678   -0.02916475 -0.03143678   -0.18974508  0.05755797
    2    1
 -0.18974508 -0.05755797    0.02916475 -0.03143678   -0.02916475  0.03143678
  0.02916475 -0.03143678   -0.18974508 -0.05755797   -0.02916475  0.03143678
 -0.02916475  0.03143678   -0.02916475  0.03143678   -0.18974508 -0.05755797
    2    2
  0.25217040  0.00000000    0.01202093  0.00000000   -0.01202093  0.00000000
  0.01202093  0.00000000    0.25217040  0.00000000   -0.01202093  0.00000000
 -0.01202093  0.00000000   -0.01202093  0.00000000    0.25217040  0.00000000

     Diagonalizing the dynamical matrix

     q = (   -0.250000000   0.250000000  -0.250000000 ) 

 **************************************************************************
     freq (    1) =       2.885039 [THz] =      96.234536 [cm-1]
 ( -0.112159  0.012971 -0.544348 -0.038600 -0.432189 -0.051571 ) 
 ( -0.109832  0.026168 -0.545087  0.026168 -0.435255  0.000000 ) 
     freq (    2) =       2.885039 [THz] =      96.234536 [cm-1]
 (  0.564981  0.037176  0.188329 -0.007768 -0.376652 -0.044944 ) 
 (  0.565406 -0.030027  0.186082 -0.030027 -0.379324  0.000000 ) 
     freq (    3) =       6.435611 [THz] =     214.668879 [cm-1]
 ( -0.300979 -0.275823  0.300979  0.275823 -0.300979 -0.275823 ) 
 ( -0.408248  0.000000  0.408248 -0.000000 -0.408248  0.000000 ) 
     freq (    4) =      13.861651 [THz] =     462.374898 [cm-1]
 ( -0.300979 -0.275823  0.300979  0.275823 -0.300979 -0.275823 ) 
 (  0.408248  0.000000 -0.408248  0.000000  0.408248  0.000000 ) 
     freq (    5) =      13.955094 [THz] =     465.491833 [cm-1]
 (  0.288585 -0.137838  0.558956 -0.105576  0.270371  0.032262 ) 
 ( -0.270221  0.171059 -0.542510  0.171059 -0.272289  0.000000 ) 
     freq (    6) =      13.955094 [THz] =     465.491833 [cm-1]
 ( -0.479409  0.034933  0.026114  0.095254  0.505523  0.060321 ) 
 (  0.471893 -0.091488 -0.037216 -0.091488 -0.509109  0.000000 ) 
 **************************************************************************
