Dynamical matrix file
Ph                                                                         
  1    2   2   6.7420000   0.0000000   0.0000000   0.0000000   0.0000000   0.0000000
           1  'C      '    10947.083370705141     
    1    1      0.0000000000      0.0000000000      0.0000000000
    2    1      0.2500000000      0.2500000000      0.2500000000

     Dynamical  Matrix in cartesian axes

     q = (   -0.250000000   0.250000000  -0.250000000 ) 

    1    1
  0.84704620E+00   0.00000000E+00    -0.71705825E-01   0.00000000E+00     0.71705825E-01   0.00000000E+00
 -0.71705825E-01   0.00000000E+00     0.84704620E+00   0.00000000E+00    -0.71705825E-01   0.00000000E+00
  0.71705825E-01   0.00000000E+00    -0.71705825E-01   0.00000000E+00     0.84704620E+00   0.00000000E+00
    1    2
 -0.57210281E+00  -0.17034477E+00    -0.33779937E-01   0.34454823E-01     0.33779937E-01  -0.34454823E-01
 -0.33779937E-01   0.34454823E-01    -0.57210281E+00  -0.17034477E+00    -0.33779937E-01   0.34454823E-01
  0.33779937E-01  -0.34454823E-01    -0.33779937E-01   0.34454823E-01    -0.57210281E+00  -0.17034477E+00
    2    1
 -0.57210281E+00   0.17034477E+00    -0.33779937E-01  -0.34454823E-01     0.33779937E-01   0.34454823E-01
 -0.33779937E-01  -0.34454823E-01    -0.57210281E+00   0.17034477E+00    -0.33779937E-01  -0.34454823E-01
  0.33779937E-01   0.34454823E-01    -0.33779937E-01  -0.34454823E-01    -0.57210281E+00   0.17034477E+00
    2    2
  0.84704620E+00   0.00000000E+00    -0.71705825E-01   0.00000000E+00     0.71705825E-01   0.00000000E+00
 -0.71705825E-01   0.00000000E+00     0.84704620E+00   0.00000000E+00    -0.71705825E-01   0.00000000E+00
  0.71705825E-01   0.00000000E+00    -0.71705825E-01   0.00000000E+00     0.84704620E+00   0.00000000E+00

     Dynamical  Matrix in cartesian axes

     q = (    0.250000000  -0.250000000  -0.250000000 ) 

    1    1
  0.84704620E+00   0.00000000E+00    -0.71705825E-01   0.00000000E+00    -0.71705825E-01   0.00000000E+00
 -0.71705825E-01   0.00000000E+00     0.84704620E+00   0.00000000E+00     0.71705825E-01   0.00000000E+00
 -0.71705825E-01   0.00000000E+00     0.71705825E-01   0.00000000E+00     0.84704620E+00   0.00000000E+00
    1    2
 -0.57210281E+00  -0.17034477E+00    -0.33779937E-01   0.34454823E-01    -0.33779937E-01   0.34454823E-01
 -0.33779937E-01   0.34454823E-01    -0.57210281E+00  -0.17034477E+00     0.33779937E-01  -0.34454823E-01
 -0.33779937E-01   0.34454823E-01     0.33779937E-01  -0.34454823E-01    -0.57210281E+00  -0.17034477E+00
    2    1
 -0.57210281E+00   0.17034477E+00    -0.33779937E-01  -0.34454823E-01    -0.33779937E-01  -0.34454823E-01
 -0.33779937E-01  -0.34454823E-01    -0.57210281E+00   0.17034477E+00     0.33779937E-01   0.34454823E-01
 -0.33779937E-01  -0.34454823E-01     0.33779937E-01   0.34454823E-01    -0.57210281E+00   0.17034477E+00
    2    2
  0.84704620E+00   0.00000000E+00    -0.71705825E-01   0.00000000E+00    -0.71705825E-01   0.00000000E+00
 -0.71705825E-01   0.00000000E+00     0.84704620E+00   0.00000000E+00     0.71705825E-01   0.00000000E+00
 -0.71705825E-01   0.00000000E+00     0.71705825E-01   0.00000000E+00     0.84704620E+00   0.00000000E+00

     Dynamical  Matrix in cartesian axes

     q = (    0.250000000  -0.250000000   0.250000000 ) 

    1    1
  0.84704620E+00   0.00000000E+00    -0.71705825E-01   0.00000000E+00     0.71705825E-01   0.00000000E+00
 -0.71705825E-01   0.00000000E+00     0.84704620E+00   0.00000000E+00    -0.71705825E-01   0.00000000E+00
  0.71705825E-01   0.00000000E+00    -0.71705825E-01   0.00000000E+00     0.84704620E+00   0.00000000E+00
    1    2
 -0.57210281E+00   0.17034477E+00    -0.33779937E-01  -0.34454823E-01     0.33779937E-01   0.34454823E-01
 -0.33779937E-01  -0.34454823E-01    -0.57210281E+00   0.17034477E+00    -0.33779937E-01  -0.34454823E-01
  0.33779937E-01   0.34454823E-01    -0.33779937E-01  -0.34454823E-01    -0.57210281E+00   0.17034477E+00
    2    1
 -0.57210281E+00  -0.17034477E+00    -0.33779937E-01   0.34454823E-01     0.33779937E-01  -0.34454823E-01
 -0.33779937E-01   0.34454823E-01    -0.57210281E+00  -0.17034477E+00    -0.33779937E-01   0.34454823E-01
  0.33779937E-01  -0.34454823E-01    -0.33779937E-01   0.34454823E-01    -0.57210281E+00  -0.17034477E+00
    2    2
  0.84704620E+00   0.00000000E+00    -0.71705825E-01   0.00000000E+00     0.71705825E-01   0.00000000E+00
 -0.71705825E-01   0.00000000E+00     0.84704620E+00   0.00000000E+00    -0.71705825E-01   0.00000000E+00
  0.71705825E-01   0.00000000E+00    -0.71705825E-01   0.00000000E+00     0.84704620E+00   0.00000000E+00

     Dynamical  Matrix in cartesian axes

     q = (    0.250000000   0.250000000   0.250000000 ) 

    1    1
  0.84704620E+00   0.00000000E+00     0.71705825E-01   0.00000000E+00     0.71705825E-01   0.00000000E+00
  0.71705825E-01   0.00000000E+00     0.84704620E+00   0.00000000E+00     0.71705825E-01   0.00000000E+00
  0.71705825E-01   0.00000000E+00     0.71705825E-01   0.00000000E+00     0.84704620E+00   0.00000000E+00
    1    2
 -0.17034477E+00   0.57210281E+00    -0.34454823E-01  -0.33779937E-01    -0.34454823E-01  -0.33779937E-01
 -0.34454823E-01  -0.33779937E-01    -0.17034477E+00   0.57210281E+00    -0.34454823E-01  -0.33779937E-01
 -0.34454823E-01  -0.33779937E-01    -0.34454823E-01  -0.33779937E-01    -0.17034477E+00   0.57210281E+00
    2    1
 -0.17034477E+00  -0.57210281E+00    -0.34454823E-01   0.33779937E-01    -0.34454823E-01   0.33779937E-01
 -0.34454823E-01   0.33779937E-01    -0.17034477E+00  -0.57210281E+00    -0.34454823E-01   0.33779937E-01
 -0.34454823E-01   0.33779937E-01    -0.34454823E-01   0.33779937E-01    -0.17034477E+00  -0.57210281E+00
    2    2
  0.84704620E+00   0.00000000E+00     0.71705825E-01   0.00000000E+00     0.71705825E-01   0.00000000E+00
  0.71705825E-01   0.00000000E+00     0.84704620E+00   0.00000000E+00     0.71705825E-01   0.00000000E+00
  0.71705825E-01   0.00000000E+00     0.71705825E-01   0.00000000E+00     0.84704620E+00   0.00000000E+00

     Dynamical  Matrix in cartesian axes

     q = (   -0.250000000  -0.250000000  -0.250000000 ) 

    1    1
  0.84704620E+00   0.00000000E+00     0.71705825E-01   0.00000000E+00     0.71705825E-01   0.00000000E+00
  0.71705825E-01   0.00000000E+00     0.84704620E+00   0.00000000E+00     0.71705825E-01   0.00000000E+00
  0.71705825E-01   0.00000000E+00     0.71705825E-01   0.00000000E+00     0.84704620E+00   0.00000000E+00
    1    2
 -0.17034477E+00  -0.57210281E+00    -0.34454823E-01   0.33779937E-01    -0.34454823E-01   0.33779937E-01
 -0.34454823E-01   0.33779937E-01    -0.17034477E+00  -0.57210281E+00    -0.34454823E-01   0.33779937E-01
 -0.34454823E-01   0.33779937E-01    -0.34454823E-01   0.33779937E-01    -0.17034477E+00  -0.57210281E+00
    2    1
 -0.17034477E+00   0.57210281E+00    -0.34454823E-01  -0.33779937E-01    -0.34454823E-01  -0.33779937E-01
 -0.34454823E-01  -0.33779937E-01    -0.17034477E+00   0.57210281E+00    -0.34454823E-01  -0.33779937E-01
 -0.34454823E-01  -0.33779937E-01    -0.34454823E-01  -0.33779937E-01    -0.17034477E+00   0.57210281E+00
    2    2
  0.84704620E+00   0.00000000E+00     0.71705825E-01   0.00000000E+00     0.71705825E-01   0.00000000E+00
  0.71705825E-01   0.00000000E+00     0.84704620E+00   0.00000000E+00     0.71705825E-01   0.00000000E+00
  0.71705825E-01   0.00000000E+00     0.71705825E-01   0.00000000E+00     0.84704620E+00   0.00000000E+00

     Dynamical  Matrix in cartesian axes

     q = (   -0.250000000  -0.250000000   0.250000000 ) 

    1    1
  0.84704620E+00   0.00000000E+00     0.71705825E-01   0.00000000E+00    -0.71705825E-01   0.00000000E+00
  0.71705825E-01   0.00000000E+00     0.84704620E+00   0.00000000E+00    -0.71705825E-01   0.00000000E+00
 -0.71705825E-01   0.00000000E+00    -0.71705825E-01   0.00000000E+00     0.84704620E+00   0.00000000E+00
    1    2
 -0.57210281E+00  -0.17034477E+00     0.33779937E-01  -0.34454823E-01    -0.33779937E-01   0.34454823E-01
  0.33779937E-01  -0.34454823E-01    -0.57210281E+00  -0.17034477E+00    -0.33779937E-01   0.34454823E-01
 -0.33779937E-01   0.34454823E-01    -0.33779937E-01   0.34454823E-01    -0.57210281E+00  -0.17034477E+00
    2    1
 -0.57210281E+00   0.17034477E+00     0.33779937E-01   0.34454823E-01    -0.33779937E-01  -0.34454823E-01
  0.33779937E-01   0.34454823E-01    -0.57210281E+00   0.17034477E+00    -0.33779937E-01  -0.34454823E-01
 -0.33779937E-01  -0.34454823E-01    -0.33779937E-01  -0.34454823E-01    -0.57210281E+00   0.17034477E+00
    2    2
  0.84704620E+00   0.00000000E+00     0.71705825E-01   0.00000000E+00    -0.71705825E-01   0.00000000E+00
  0.71705825E-01   0.00000000E+00     0.84704620E+00   0.00000000E+00    -0.71705825E-01   0.00000000E+00
 -0.71705825E-01   0.00000000E+00    -0.71705825E-01   0.00000000E+00     0.84704620E+00   0.00000000E+00

     Dynamical  Matrix in cartesian axes

     q = (   -0.250000000   0.250000000   0.250000000 ) 

    1    1
  0.84704620E+00   0.00000000E+00    -0.71705825E-01   0.00000000E+00    -0.71705825E-01   0.00000000E+00
 -0.71705825E-01   0.00000000E+00     0.84704620E+00   0.00000000E+00     0.71705825E-01   0.00000000E+00
 -0.71705825E-01   0.00000000E+00     0.71705825E-01   0.00000000E+00     0.84704620E+00   0.00000000E+00
    1    2
 -0.57210281E+00   0.17034477E+00    -0.33779937E-01  -0.34454823E-01    -0.33779937E-01  -0.34454823E-01
 -0.33779937E-01  -0.34454823E-01    -0.57210281E+00   0.17034477E+00     0.33779937E-01   0.34454823E-01
 -0.33779937E-01  -0.34454823E-01     0.33779937E-01   0.34454823E-01    -0.57210281E+00   0.17034477E+00
    2    1
 -0.57210281E+00  -0.17034477E+00    -0.33779937E-01   0.34454823E-01    -0.33779937E-01   0.34454823E-01
 -0.33779937E-01   0.34454823E-01    -0.57210281E+00  -0.17034477E+00     0.33779937E-01  -0.34454823E-01
 -0.33779937E-01   0.34454823E-01     0.33779937E-01  -0.34454823E-01    -0.57210281E+00  -0.17034477E+00
    2    2
  0.84704620E+00   0.00000000E+00    -0.71705825E-01   0.00000000E+00    -0.71705825E-01   0.00000000E+00
 -0.71705825E-01   0.00000000E+00     0.84704620E+00   0.00000000E+00     0.71705825E-01   0.00000000E+00
 -0.71705825E-01   0.00000000E+00     0.71705825E-01   0.00000000E+00     0.84704620E+00   0.00000000E+00

     Dynamical  Matrix in cartesian axes

     q = (    0.250000000   0.250000000  -0.250000000 ) 

    1    1
  0.84704620E+00   0.00000000E+00     0.71705825E-01   0.00000000E+00    -0.71705825E-01   0.00000000E+00
  0.71705825E-01   0.00000000E+00     0.84704620E+00   0.00000000E+00    -0.71705825E-01   0.00000000E+00
 -0.71705825E-01   0.00000000E+00    -0.71705825E-01   0.00000000E+00     0.84704620E+00   0.00000000E+00
    1    2
 -0.57210281E+00   0.17034477E+00     0.33779937E-01   0.34454823E-01    -0.33779937E-01  -0.34454823E-01
  0.33779937E-01   0.34454823E-01    -0.57210281E+00   0.17034477E+00    -0.33779937E-01  -0.34454823E-01
 -0.33779937E-01  -0.34454823E-01    -0.33779937E-01  -0.34454823E-01    -0.57210281E+00   0.17034477E+00
    2    1
 -0.57210281E+00  -0.17034477E+00     0.33779937E-01  -0.34454823E-01    -0.33779937E-01   0.34454823E-01
  0.33779937E-01  -0.34454823E-01    -0.57210281E+00  -0.17034477E+00    -0.33779937E-01   0.34454823E-01
 -0.33779937E-01   0.34454823E-01    -0.33779937E-01   0.34454823E-01    -0.57210281E+00  -0.17034477E+00
    2    2
  0.84704620E+00   0.00000000E+00     0.71705825E-01   0.00000000E+00    -0.71705825E-01   0.00000000E+00
  0.71705825E-01   0.00000000E+00     0.84704620E+00   0.00000000E+00    -0.71705825E-01   0.00000000E+00
 -0.71705825E-01   0.00000000E+00    -0.71705825E-01   0.00000000E+00     0.84704620E+00   0.00000000E+00

     Diagonalizing the dynamical matrix

     q = (   -0.250000000   0.250000000  -0.250000000 ) 

 **************************************************************************
     freq (    1) =      12.355416 [THz] =     412.132308 [cm-1]
 ( -0.099893 -0.019882  0.430010  0.098967  0.529903  0.118849 ) 
 ( -0.101823  0.002462  0.441245  0.002462  0.543068 -0.000000 ) 
     freq (    2) =      12.355416 [THz] =     412.132308 [cm-1]
 (  0.552987  0.131016  0.361751  0.088125 -0.191235 -0.042891 ) 
 (  0.568254  0.006821  0.372268  0.006821 -0.195986  0.000000 ) 
     freq (    3) =      20.668012 [THz] =     689.410684 [cm-1]
 (  0.368876  0.174921 -0.368876 -0.174921  0.368876  0.174921 ) 
 (  0.408248 -0.000000 -0.408248 -0.000000  0.408248  0.000000 ) 
     freq (    4) =      37.154492 [THz] =    1239.340443 [cm-1]
 (  0.118018  0.030363 -0.418291 -0.089922 -0.536309 -0.120286 ) 
 ( -0.121802 -0.003799  0.427831 -0.003799  0.549633  0.000000 ) 
     freq (    5) =      37.154492 [THz] =    1239.340443 [cm-1]
 ( -0.553128 -0.111949 -0.380672 -0.073270  0.172456  0.038679 ) 
 (  0.564219 -0.011816  0.387479 -0.011816 -0.176740  0.000000 ) 
     freq (    6) =      39.131911 [THz] =    1305.300062 [cm-1]
 (  0.368876  0.174921 -0.368876 -0.174921  0.368876  0.174921 ) 
 ( -0.408248 -0.000000  0.408248  0.000000 -0.408248  0.000000 ) 
 **************************************************************************
