Dynamical matrix file
Ph                                                                         
  1    2   2   6.7420000   0.0000000   0.0000000   0.0000000   0.0000000   0.0000000
           1  'C      '    10947.083370705141     
    1    1      0.0000000000      0.0000000000      0.0000000000
    2    1      0.2500000000      0.2500000000      0.2500000000

     Dynamical  Matrix in cartesian axes

     q = (    0.750000000  -0.250000000   0.750000000 ) 

    1    1
  0.85515588E+00   0.00000000E+00    -0.61400548E-01   0.60339922E-01     0.67964981E-01   0.00000000E+00
 -0.61400548E-01  -0.60339922E-01     0.10966795E+01   0.00000000E+00    -0.61400548E-01  -0.60339922E-01
  0.67964981E-01   0.00000000E+00    -0.61400548E-01   0.60339922E-01     0.85515588E+00   0.00000000E+00
    1    2
 -0.17987441E+00   0.18899612E+00    -0.26557897E-01   0.48428192E-01    -0.31698835E-01  -0.14389417E+00
 -0.26557897E-01   0.48428192E-01    -0.17550045E+00   0.21701802E+00    -0.26557897E-01   0.48428192E-01
 -0.31698835E-01  -0.14389417E+00    -0.26557897E-01   0.48428192E-01    -0.17987441E+00   0.18899612E+00
    2    1
 -0.17987441E+00  -0.18899612E+00    -0.26557897E-01  -0.48428192E-01    -0.31698835E-01   0.14389417E+00
 -0.26557897E-01  -0.48428192E-01    -0.17550045E+00  -0.21701802E+00    -0.26557897E-01  -0.48428192E-01
 -0.31698835E-01   0.14389417E+00    -0.26557897E-01  -0.48428192E-01    -0.17987441E+00  -0.18899612E+00
    2    2
  0.85515588E+00   0.00000000E+00    -0.61400548E-01  -0.60339922E-01     0.67964981E-01   0.00000000E+00
 -0.61400548E-01   0.60339922E-01     0.10966795E+01   0.00000000E+00    -0.61400548E-01   0.60339922E-01
  0.67964981E-01   0.00000000E+00    -0.61400548E-01  -0.60339922E-01     0.85515588E+00   0.00000000E+00

     Dynamical  Matrix in cartesian axes

     q = (    0.750000000  -0.250000000  -0.750000000 ) 

    1    1
  0.85515588E+00   0.00000000E+00    -0.61400548E-01  -0.60339922E-01    -0.67964981E-01   0.00000000E+00
 -0.61400548E-01   0.60339922E-01     0.10966795E+01   0.00000000E+00     0.61400548E-01  -0.60339922E-01
 -0.67964981E-01   0.00000000E+00     0.61400548E-01   0.60339922E-01     0.85515588E+00   0.00000000E+00
    1    2
 -0.18899612E+00   0.17987441E+00    -0.48428192E-01   0.26557897E-01    -0.14389417E+00  -0.31698835E-01
 -0.48428192E-01   0.26557897E-01    -0.21701802E+00   0.17550045E+00     0.48428192E-01  -0.26557897E-01
 -0.14389417E+00  -0.31698835E-01     0.48428192E-01  -0.26557897E-01    -0.18899612E+00   0.17987441E+00
    2    1
 -0.18899612E+00  -0.17987441E+00    -0.48428192E-01  -0.26557897E-01    -0.14389417E+00   0.31698835E-01
 -0.48428192E-01  -0.26557897E-01    -0.21701802E+00  -0.17550045E+00     0.48428192E-01   0.26557897E-01
 -0.14389417E+00   0.31698835E-01     0.48428192E-01   0.26557897E-01    -0.18899612E+00  -0.17987441E+00
    2    2
  0.85515588E+00   0.00000000E+00    -0.61400548E-01   0.60339922E-01    -0.67964981E-01   0.00000000E+00
 -0.61400548E-01  -0.60339922E-01     0.10966795E+01   0.00000000E+00     0.61400548E-01   0.60339922E-01
 -0.67964981E-01   0.00000000E+00     0.61400548E-01  -0.60339922E-01     0.85515588E+00   0.00000000E+00

     Dynamical  Matrix in cartesian axes

     q = (   -0.750000000  -0.250000000  -0.750000000 ) 

    1    1
  0.85515588E+00   0.00000000E+00     0.61400548E-01  -0.60339922E-01     0.67964981E-01   0.00000000E+00
  0.61400548E-01   0.60339922E-01     0.10966795E+01   0.00000000E+00     0.61400548E-01   0.60339922E-01
  0.67964981E-01   0.00000000E+00     0.61400548E-01  -0.60339922E-01     0.85515588E+00   0.00000000E+00
    1    2
  0.18899612E+00   0.17987441E+00    -0.48428192E-01  -0.26557897E-01    -0.14389417E+00   0.31698835E-01
 -0.48428192E-01  -0.26557897E-01     0.21701802E+00   0.17550045E+00    -0.48428192E-01  -0.26557897E-01
 -0.14389417E+00   0.31698835E-01    -0.48428192E-01  -0.26557897E-01     0.18899612E+00   0.17987441E+00
    2    1
  0.18899612E+00  -0.17987441E+00    -0.48428192E-01   0.26557897E-01    -0.14389417E+00  -0.31698835E-01
 -0.48428192E-01   0.26557897E-01     0.21701802E+00  -0.17550045E+00    -0.48428192E-01   0.26557897E-01
 -0.14389417E+00  -0.31698835E-01    -0.48428192E-01   0.26557897E-01     0.18899612E+00  -0.17987441E+00
    2    2
  0.85515588E+00   0.00000000E+00     0.61400548E-01   0.60339922E-01     0.67964981E-01   0.00000000E+00
  0.61400548E-01  -0.60339922E-01     0.10966795E+01   0.00000000E+00     0.61400548E-01  -0.60339922E-01
  0.67964981E-01   0.00000000E+00     0.61400548E-01   0.60339922E-01     0.85515588E+00   0.00000000E+00

     Dynamical  Matrix in cartesian axes

     q = (   -0.750000000  -0.250000000   0.750000000 ) 

    1    1
  0.85515588E+00   0.00000000E+00     0.61400548E-01   0.60339922E-01    -0.67964981E-01   0.00000000E+00
  0.61400548E-01  -0.60339922E-01     0.10966795E+01   0.00000000E+00    -0.61400548E-01   0.60339922E-01
 -0.67964981E-01   0.00000000E+00    -0.61400548E-01  -0.60339922E-01     0.85515588E+00   0.00000000E+00
    1    2
 -0.18899612E+00   0.17987441E+00     0.48428192E-01  -0.26557897E-01    -0.14389417E+00  -0.31698835E-01
  0.48428192E-01  -0.26557897E-01    -0.21701802E+00   0.17550045E+00    -0.48428192E-01   0.26557897E-01
 -0.14389417E+00  -0.31698835E-01    -0.48428192E-01   0.26557897E-01    -0.18899612E+00   0.17987441E+00
    2    1
 -0.18899612E+00  -0.17987441E+00     0.48428192E-01   0.26557897E-01    -0.14389417E+00   0.31698835E-01
  0.48428192E-01   0.26557897E-01    -0.21701802E+00  -0.17550045E+00    -0.48428192E-01  -0.26557897E-01
 -0.14389417E+00   0.31698835E-01    -0.48428192E-01  -0.26557897E-01    -0.18899612E+00  -0.17987441E+00
    2    2
  0.85515588E+00   0.00000000E+00     0.61400548E-01  -0.60339922E-01    -0.67964981E-01   0.00000000E+00
  0.61400548E-01   0.60339922E-01     0.10966795E+01   0.00000000E+00    -0.61400548E-01  -0.60339922E-01
 -0.67964981E-01   0.00000000E+00    -0.61400548E-01   0.60339922E-01     0.85515588E+00   0.00000000E+00

     Dynamical  Matrix in cartesian axes

     q = (   -0.750000000   0.250000000  -0.750000000 ) 

    1    1
  0.85515588E+00   0.00000000E+00    -0.61400548E-01  -0.60339922E-01     0.67964981E-01   0.00000000E+00
 -0.61400548E-01   0.60339922E-01     0.10966795E+01   0.00000000E+00    -0.61400548E-01   0.60339922E-01
  0.67964981E-01   0.00000000E+00    -0.61400548E-01  -0.60339922E-01     0.85515588E+00   0.00000000E+00
    1    2
 -0.17987441E+00  -0.18899612E+00    -0.26557897E-01  -0.48428192E-01    -0.31698835E-01   0.14389417E+00
 -0.26557897E-01  -0.48428192E-01    -0.17550045E+00  -0.21701802E+00    -0.26557897E-01  -0.48428192E-01
 -0.31698835E-01   0.14389417E+00    -0.26557897E-01  -0.48428192E-01    -0.17987441E+00  -0.18899612E+00
    2    1
 -0.17987441E+00   0.18899612E+00    -0.26557897E-01   0.48428192E-01    -0.31698835E-01  -0.14389417E+00
 -0.26557897E-01   0.48428192E-01    -0.17550045E+00   0.21701802E+00    -0.26557897E-01   0.48428192E-01
 -0.31698835E-01  -0.14389417E+00    -0.26557897E-01   0.48428192E-01    -0.17987441E+00   0.18899612E+00
    2    2
  0.85515588E+00   0.00000000E+00    -0.61400548E-01   0.60339922E-01     0.67964981E-01   0.00000000E+00
 -0.61400548E-01  -0.60339922E-01     0.10966795E+01   0.00000000E+00    -0.61400548E-01  -0.60339922E-01
  0.67964981E-01   0.00000000E+00    -0.61400548E-01   0.60339922E-01     0.85515588E+00   0.00000000E+00

     Dynamical  Matrix in cartesian axes

     q = (   -0.250000000   0.750000000  -0.750000000 ) 

    1    1
  0.10966795E+01   0.00000000E+00    -0.61400548E-01   0.60339922E-01     0.61400548E-01  -0.60339922E-01
 -0.61400548E-01  -0.60339922E-01     0.85515588E+00   0.00000000E+00    -0.67964981E-01   0.00000000E+00
  0.61400548E-01   0.60339922E-01    -0.67964981E-01   0.00000000E+00     0.85515588E+00   0.00000000E+00
    1    2
 -0.21701802E+00   0.17550045E+00    -0.48428192E-01   0.26557897E-01     0.48428192E-01  -0.26557897E-01
 -0.48428192E-01   0.26557897E-01    -0.18899612E+00   0.17987441E+00    -0.14389417E+00  -0.31698835E-01
  0.48428192E-01  -0.26557897E-01    -0.14389417E+00  -0.31698835E-01    -0.18899612E+00   0.17987441E+00
    2    1
 -0.21701802E+00  -0.17550045E+00    -0.48428192E-01  -0.26557897E-01     0.48428192E-01   0.26557897E-01
 -0.48428192E-01  -0.26557897E-01    -0.18899612E+00  -0.17987441E+00    -0.14389417E+00   0.31698835E-01
  0.48428192E-01   0.26557897E-01    -0.14389417E+00   0.31698835E-01    -0.18899612E+00  -0.17987441E+00
    2    2
  0.10966795E+01   0.00000000E+00    -0.61400548E-01  -0.60339922E-01     0.61400548E-01   0.60339922E-01
 -0.61400548E-01   0.60339922E-01     0.85515588E+00   0.00000000E+00    -0.67964981E-01   0.00000000E+00
  0.61400548E-01  -0.60339922E-01    -0.67964981E-01   0.00000000E+00     0.85515588E+00   0.00000000E+00

     Dynamical  Matrix in cartesian axes

     q = (   -0.750000000   0.750000000  -0.250000000 ) 

    1    1
  0.85515588E+00   0.00000000E+00    -0.67964981E-01   0.00000000E+00     0.61400548E-01   0.60339922E-01
 -0.67964981E-01   0.00000000E+00     0.85515588E+00   0.00000000E+00    -0.61400548E-01  -0.60339922E-01
  0.61400548E-01  -0.60339922E-01    -0.61400548E-01   0.60339922E-01     0.10966795E+01   0.00000000E+00
    1    2
 -0.18899612E+00   0.17987441E+00    -0.14389417E+00  -0.31698835E-01     0.48428192E-01  -0.26557897E-01
 -0.14389417E+00  -0.31698835E-01    -0.18899612E+00   0.17987441E+00    -0.48428192E-01   0.26557897E-01
  0.48428192E-01  -0.26557897E-01    -0.48428192E-01   0.26557897E-01    -0.21701802E+00   0.17550045E+00
    2    1
 -0.18899612E+00  -0.17987441E+00    -0.14389417E+00   0.31698835E-01     0.48428192E-01   0.26557897E-01
 -0.14389417E+00   0.31698835E-01    -0.18899612E+00  -0.17987441E+00    -0.48428192E-01  -0.26557897E-01
  0.48428192E-01   0.26557897E-01    -0.48428192E-01  -0.26557897E-01    -0.21701802E+00  -0.17550045E+00
    2    2
  0.85515588E+00   0.00000000E+00    -0.67964981E-01   0.00000000E+00     0.61400548E-01  -0.60339922E-01
 -0.67964981E-01   0.00000000E+00     0.85515588E+00   0.00000000E+00    -0.61400548E-01   0.60339922E-01
  0.61400548E-01   0.60339922E-01    -0.61400548E-01  -0.60339922E-01     0.10966795E+01   0.00000000E+00

     Dynamical  Matrix in cartesian axes

     q = (    0.750000000   0.250000000   0.750000000 ) 

    1    1
  0.85515588E+00   0.00000000E+00     0.61400548E-01   0.60339922E-01     0.67964981E-01   0.00000000E+00
  0.61400548E-01  -0.60339922E-01     0.10966795E+01   0.00000000E+00     0.61400548E-01  -0.60339922E-01
  0.67964981E-01   0.00000000E+00     0.61400548E-01   0.60339922E-01     0.85515588E+00   0.00000000E+00
    1    2
  0.18899612E+00  -0.17987441E+00    -0.48428192E-01   0.26557897E-01    -0.14389417E+00  -0.31698835E-01
 -0.48428192E-01   0.26557897E-01     0.21701802E+00  -0.17550045E+00    -0.48428192E-01   0.26557897E-01
 -0.14389417E+00  -0.31698835E-01    -0.48428192E-01   0.26557897E-01     0.18899612E+00  -0.17987441E+00
    2    1
  0.18899612E+00   0.17987441E+00    -0.48428192E-01  -0.26557897E-01    -0.14389417E+00   0.31698835E-01
 -0.48428192E-01  -0.26557897E-01     0.21701802E+00   0.17550045E+00    -0.48428192E-01  -0.26557897E-01
 -0.14389417E+00   0.31698835E-01    -0.48428192E-01  -0.26557897E-01     0.18899612E+00   0.17987441E+00
    2    2
  0.85515588E+00   0.00000000E+00     0.61400548E-01  -0.60339922E-01     0.67964981E-01   0.00000000E+00
  0.61400548E-01   0.60339922E-01     0.10966795E+01   0.00000000E+00     0.61400548E-01   0.60339922E-01
  0.67964981E-01   0.00000000E+00     0.61400548E-01  -0.60339922E-01     0.85515588E+00   0.00000000E+00

     Dynamical  Matrix in cartesian axes

     q = (   -0.750000000   0.250000000   0.750000000 ) 

    1    1
  0.85515588E+00   0.00000000E+00    -0.61400548E-01   0.60339922E-01    -0.67964981E-01   0.00000000E+00
 -0.61400548E-01  -0.60339922E-01     0.10966795E+01   0.00000000E+00     0.61400548E-01   0.60339922E-01
 -0.67964981E-01   0.00000000E+00     0.61400548E-01  -0.60339922E-01     0.85515588E+00   0.00000000E+00
    1    2
 -0.18899612E+00  -0.17987441E+00    -0.48428192E-01  -0.26557897E-01    -0.14389417E+00   0.31698835E-01
 -0.48428192E-01  -0.26557897E-01    -0.21701802E+00  -0.17550045E+00     0.48428192E-01   0.26557897E-01
 -0.14389417E+00   0.31698835E-01     0.48428192E-01   0.26557897E-01    -0.18899612E+00  -0.17987441E+00
    2    1
 -0.18899612E+00   0.17987441E+00    -0.48428192E-01   0.26557897E-01    -0.14389417E+00  -0.31698835E-01
 -0.48428192E-01   0.26557897E-01    -0.21701802E+00   0.17550045E+00     0.48428192E-01  -0.26557897E-01
 -0.14389417E+00  -0.31698835E-01     0.48428192E-01  -0.26557897E-01    -0.18899612E+00   0.17987441E+00
    2    2
  0.85515588E+00   0.00000000E+00    -0.61400548E-01  -0.60339922E-01    -0.67964981E-01   0.00000000E+00
 -0.61400548E-01   0.60339922E-01     0.10966795E+01   0.00000000E+00     0.61400548E-01  -0.60339922E-01
 -0.67964981E-01   0.00000000E+00     0.61400548E-01   0.60339922E-01     0.85515588E+00   0.00000000E+00

     Dynamical  Matrix in cartesian axes

     q = (    0.750000000   0.250000000  -0.750000000 ) 

    1    1
  0.85515588E+00   0.00000000E+00     0.61400548E-01  -0.60339922E-01    -0.67964981E-01   0.00000000E+00
  0.61400548E-01   0.60339922E-01     0.10966795E+01   0.00000000E+00    -0.61400548E-01  -0.60339922E-01
 -0.67964981E-01   0.00000000E+00    -0.61400548E-01   0.60339922E-01     0.85515588E+00   0.00000000E+00
    1    2
 -0.18899612E+00  -0.17987441E+00     0.48428192E-01   0.26557897E-01    -0.14389417E+00   0.31698835E-01
  0.48428192E-01   0.26557897E-01    -0.21701802E+00  -0.17550045E+00    -0.48428192E-01  -0.26557897E-01
 -0.14389417E+00   0.31698835E-01    -0.48428192E-01  -0.26557897E-01    -0.18899612E+00  -0.17987441E+00
    2    1
 -0.18899612E+00   0.17987441E+00     0.48428192E-01  -0.26557897E-01    -0.14389417E+00  -0.31698835E-01
  0.48428192E-01  -0.26557897E-01    -0.21701802E+00   0.17550045E+00    -0.48428192E-01   0.26557897E-01
 -0.14389417E+00  -0.31698835E-01    -0.48428192E-01   0.26557897E-01    -0.18899612E+00   0.17987441E+00
    2    2
  0.85515588E+00   0.00000000E+00     0.61400548E-01   0.60339922E-01    -0.67964981E-01   0.00000000E+00
  0.61400548E-01  -0.60339922E-01     0.10966795E+01   0.00000000E+00    -0.61400548E-01   0.60339922E-01
 -0.67964981E-01   0.00000000E+00    -0.61400548E-01  -0.60339922E-01     0.85515588E+00   0.00000000E+00

     Dynamical  Matrix in cartesian axes

     q = (   -0.750000000   0.750000000   0.250000000 ) 

    1    1
  0.85515588E+00   0.00000000E+00    -0.67964981E-01   0.00000000E+00    -0.61400548E-01   0.60339922E-01
 -0.67964981E-01   0.00000000E+00     0.85515588E+00   0.00000000E+00     0.61400548E-01  -0.60339922E-01
 -0.61400548E-01  -0.60339922E-01     0.61400548E-01   0.60339922E-01     0.10966795E+01   0.00000000E+00
    1    2
 -0.18899612E+00  -0.17987441E+00    -0.14389417E+00   0.31698835E-01    -0.48428192E-01  -0.26557897E-01
 -0.14389417E+00   0.31698835E-01    -0.18899612E+00  -0.17987441E+00     0.48428192E-01   0.26557897E-01
 -0.48428192E-01  -0.26557897E-01     0.48428192E-01   0.26557897E-01    -0.21701802E+00  -0.17550045E+00
    2    1
 -0.18899612E+00   0.17987441E+00    -0.14389417E+00  -0.31698835E-01    -0.48428192E-01   0.26557897E-01
 -0.14389417E+00  -0.31698835E-01    -0.18899612E+00   0.17987441E+00     0.48428192E-01  -0.26557897E-01
 -0.48428192E-01   0.26557897E-01     0.48428192E-01  -0.26557897E-01    -0.21701802E+00   0.17550045E+00
    2    2
  0.85515588E+00   0.00000000E+00    -0.67964981E-01   0.00000000E+00    -0.61400548E-01  -0.60339922E-01
 -0.67964981E-01   0.00000000E+00     0.85515588E+00   0.00000000E+00     0.61400548E-01   0.60339922E-01
 -0.61400548E-01   0.60339922E-01     0.61400548E-01  -0.60339922E-01     0.10966795E+01   0.00000000E+00

     Dynamical  Matrix in cartesian axes

     q = (   -0.250000000   0.750000000   0.750000000 ) 

    1    1
  0.10966795E+01   0.00000000E+00    -0.61400548E-01  -0.60339922E-01    -0.61400548E-01  -0.60339922E-01
 -0.61400548E-01   0.60339922E-01     0.85515588E+00   0.00000000E+00     0.67964981E-01   0.00000000E+00
 -0.61400548E-01   0.60339922E-01     0.67964981E-01   0.00000000E+00     0.85515588E+00   0.00000000E+00
    1    2
 -0.17550045E+00   0.21701802E+00    -0.26557897E-01   0.48428192E-01    -0.26557897E-01   0.48428192E-01
 -0.26557897E-01   0.48428192E-01    -0.17987441E+00   0.18899612E+00    -0.31698835E-01  -0.14389417E+00
 -0.26557897E-01   0.48428192E-01    -0.31698835E-01  -0.14389417E+00    -0.17987441E+00   0.18899612E+00
    2    1
 -0.17550045E+00  -0.21701802E+00    -0.26557897E-01  -0.48428192E-01    -0.26557897E-01  -0.48428192E-01
 -0.26557897E-01  -0.48428192E-01    -0.17987441E+00  -0.18899612E+00    -0.31698835E-01   0.14389417E+00
 -0.26557897E-01  -0.48428192E-01    -0.31698835E-01   0.14389417E+00    -0.17987441E+00  -0.18899612E+00
    2    2
  0.10966795E+01   0.00000000E+00    -0.61400548E-01   0.60339922E-01    -0.61400548E-01   0.60339922E-01
 -0.61400548E-01  -0.60339922E-01     0.85515588E+00   0.00000000E+00     0.67964981E-01   0.00000000E+00
 -0.61400548E-01  -0.60339922E-01     0.67964981E-01   0.00000000E+00     0.85515588E+00   0.00000000E+00

     Dynamical  Matrix in cartesian axes

     q = (    0.250000000   0.750000000  -0.750000000 ) 

    1    1
  0.10966795E+01   0.00000000E+00     0.61400548E-01   0.60339922E-01    -0.61400548E-01  -0.60339922E-01
  0.61400548E-01  -0.60339922E-01     0.85515588E+00   0.00000000E+00    -0.67964981E-01   0.00000000E+00
 -0.61400548E-01   0.60339922E-01    -0.67964981E-01   0.00000000E+00     0.85515588E+00   0.00000000E+00
    1    2
 -0.21701802E+00  -0.17550045E+00     0.48428192E-01   0.26557897E-01    -0.48428192E-01  -0.26557897E-01
  0.48428192E-01   0.26557897E-01    -0.18899612E+00  -0.17987441E+00    -0.14389417E+00   0.31698835E-01
 -0.48428192E-01  -0.26557897E-01    -0.14389417E+00   0.31698835E-01    -0.18899612E+00  -0.17987441E+00
    2    1
 -0.21701802E+00   0.17550045E+00     0.48428192E-01  -0.26557897E-01    -0.48428192E-01   0.26557897E-01
  0.48428192E-01  -0.26557897E-01    -0.18899612E+00   0.17987441E+00    -0.14389417E+00  -0.31698835E-01
 -0.48428192E-01   0.26557897E-01    -0.14389417E+00  -0.31698835E-01    -0.18899612E+00   0.17987441E+00
    2    2
  0.10966795E+01   0.00000000E+00     0.61400548E-01  -0.60339922E-01    -0.61400548E-01   0.60339922E-01
  0.61400548E-01   0.60339922E-01     0.85515588E+00   0.00000000E+00    -0.67964981E-01   0.00000000E+00
 -0.61400548E-01  -0.60339922E-01    -0.67964981E-01   0.00000000E+00     0.85515588E+00   0.00000000E+00

     Dynamical  Matrix in cartesian axes

     q = (   -0.250000000  -0.750000000  -0.750000000 ) 

    1    1
  0.10966795E+01   0.00000000E+00     0.61400548E-01   0.60339922E-01     0.61400548E-01   0.60339922E-01
  0.61400548E-01  -0.60339922E-01     0.85515588E+00   0.00000000E+00     0.67964981E-01   0.00000000E+00
  0.61400548E-01  -0.60339922E-01     0.67964981E-01   0.00000000E+00     0.85515588E+00   0.00000000E+00
    1    2
  0.21701802E+00   0.17550045E+00    -0.48428192E-01  -0.26557897E-01    -0.48428192E-01  -0.26557897E-01
 -0.48428192E-01  -0.26557897E-01     0.18899612E+00   0.17987441E+00    -0.14389417E+00   0.31698835E-01
 -0.48428192E-01  -0.26557897E-01    -0.14389417E+00   0.31698835E-01     0.18899612E+00   0.17987441E+00
    2    1
  0.21701802E+00  -0.17550045E+00    -0.48428192E-01   0.26557897E-01    -0.48428192E-01   0.26557897E-01
 -0.48428192E-01   0.26557897E-01     0.18899612E+00  -0.17987441E+00    -0.14389417E+00  -0.31698835E-01
 -0.48428192E-01   0.26557897E-01    -0.14389417E+00  -0.31698835E-01     0.18899612E+00  -0.17987441E+00
    2    2
  0.10966795E+01   0.00000000E+00     0.61400548E-01  -0.60339922E-01     0.61400548E-01  -0.60339922E-01
  0.61400548E-01   0.60339922E-01     0.85515588E+00   0.00000000E+00     0.67964981E-01   0.00000000E+00
  0.61400548E-01   0.60339922E-01     0.67964981E-01   0.00000000E+00     0.85515588E+00   0.00000000E+00

     Dynamical  Matrix in cartesian axes

     q = (    0.750000000   0.750000000  -0.250000000 ) 

    1    1
  0.85515588E+00   0.00000000E+00     0.67964981E-01   0.00000000E+00    -0.61400548E-01   0.60339922E-01
  0.67964981E-01   0.00000000E+00     0.85515588E+00   0.00000000E+00    -0.61400548E-01   0.60339922E-01
 -0.61400548E-01  -0.60339922E-01    -0.61400548E-01  -0.60339922E-01     0.10966795E+01   0.00000000E+00
    1    2
 -0.17987441E+00   0.18899612E+00    -0.31698835E-01  -0.14389417E+00    -0.26557897E-01   0.48428192E-01
 -0.31698835E-01  -0.14389417E+00    -0.17987441E+00   0.18899612E+00    -0.26557897E-01   0.48428192E-01
 -0.26557897E-01   0.48428192E-01    -0.26557897E-01   0.48428192E-01    -0.17550045E+00   0.21701802E+00
    2    1
 -0.17987441E+00  -0.18899612E+00    -0.31698835E-01   0.14389417E+00    -0.26557897E-01  -0.48428192E-01
 -0.31698835E-01   0.14389417E+00    -0.17987441E+00  -0.18899612E+00    -0.26557897E-01  -0.48428192E-01
 -0.26557897E-01  -0.48428192E-01    -0.26557897E-01  -0.48428192E-01    -0.17550045E+00  -0.21701802E+00
    2    2
  0.85515588E+00   0.00000000E+00     0.67964981E-01   0.00000000E+00    -0.61400548E-01  -0.60339922E-01
  0.67964981E-01   0.00000000E+00     0.85515588E+00   0.00000000E+00    -0.61400548E-01  -0.60339922E-01
 -0.61400548E-01   0.60339922E-01    -0.61400548E-01   0.60339922E-01     0.10966795E+01   0.00000000E+00

     Dynamical  Matrix in cartesian axes

     q = (    0.750000000  -0.750000000   0.250000000 ) 

    1    1
  0.85515588E+00   0.00000000E+00    -0.67964981E-01   0.00000000E+00     0.61400548E-01  -0.60339922E-01
 -0.67964981E-01   0.00000000E+00     0.85515588E+00   0.00000000E+00    -0.61400548E-01   0.60339922E-01
  0.61400548E-01   0.60339922E-01    -0.61400548E-01  -0.60339922E-01     0.10966795E+01   0.00000000E+00
    1    2
 -0.18899612E+00  -0.17987441E+00    -0.14389417E+00   0.31698835E-01     0.48428192E-01   0.26557897E-01
 -0.14389417E+00   0.31698835E-01    -0.18899612E+00  -0.17987441E+00    -0.48428192E-01  -0.26557897E-01
  0.48428192E-01   0.26557897E-01    -0.48428192E-01  -0.26557897E-01    -0.21701802E+00  -0.17550045E+00
    2    1
 -0.18899612E+00   0.17987441E+00    -0.14389417E+00  -0.31698835E-01     0.48428192E-01  -0.26557897E-01
 -0.14389417E+00  -0.31698835E-01    -0.18899612E+00   0.17987441E+00    -0.48428192E-01   0.26557897E-01
  0.48428192E-01  -0.26557897E-01    -0.48428192E-01   0.26557897E-01    -0.21701802E+00   0.17550045E+00
    2    2
  0.85515588E+00   0.00000000E+00    -0.67964981E-01   0.00000000E+00     0.61400548E-01   0.60339922E-01
 -0.67964981E-01   0.00000000E+00     0.85515588E+00   0.00000000E+00    -0.61400548E-01  -0.60339922E-01
  0.61400548E-01  -0.60339922E-01    -0.61400548E-01   0.60339922E-01     0.10966795E+01   0.00000000E+00

     Dynamical  Matrix in cartesian axes

     q = (   -0.750000000  -0.750000000  -0.250000000 ) 

    1    1
  0.85515588E+00   0.00000000E+00     0.67964981E-01   0.00000000E+00     0.61400548E-01  -0.60339922E-01
  0.67964981E-01   0.00000000E+00     0.85515588E+00   0.00000000E+00     0.61400548E-01  -0.60339922E-01
  0.61400548E-01   0.60339922E-01     0.61400548E-01   0.60339922E-01     0.10966795E+01   0.00000000E+00
    1    2
  0.18899612E+00   0.17987441E+00    -0.14389417E+00   0.31698835E-01    -0.48428192E-01  -0.26557897E-01
 -0.14389417E+00   0.31698835E-01     0.18899612E+00   0.17987441E+00    -0.48428192E-01  -0.26557897E-01
 -0.48428192E-01  -0.26557897E-01    -0.48428192E-01  -0.26557897E-01     0.21701802E+00   0.17550045E+00
    2    1
  0.18899612E+00  -0.17987441E+00    -0.14389417E+00  -0.31698835E-01    -0.48428192E-01   0.26557897E-01
 -0.14389417E+00  -0.31698835E-01     0.18899612E+00  -0.17987441E+00    -0.48428192E-01   0.26557897E-01
 -0.48428192E-01   0.26557897E-01    -0.48428192E-01   0.26557897E-01     0.21701802E+00  -0.17550045E+00
    2    2
  0.85515588E+00   0.00000000E+00     0.67964981E-01   0.00000000E+00     0.61400548E-01   0.60339922E-01
  0.67964981E-01   0.00000000E+00     0.85515588E+00   0.00000000E+00     0.61400548E-01   0.60339922E-01
  0.61400548E-01  -0.60339922E-01     0.61400548E-01  -0.60339922E-01     0.10966795E+01   0.00000000E+00

     Dynamical  Matrix in cartesian axes

     q = (    0.250000000  -0.750000000   0.750000000 ) 

    1    1
  0.10966795E+01   0.00000000E+00    -0.61400548E-01  -0.60339922E-01     0.61400548E-01   0.60339922E-01
 -0.61400548E-01   0.60339922E-01     0.85515588E+00   0.00000000E+00    -0.67964981E-01   0.00000000E+00
  0.61400548E-01  -0.60339922E-01    -0.67964981E-01   0.00000000E+00     0.85515588E+00   0.00000000E+00
    1    2
 -0.21701802E+00  -0.17550045E+00    -0.48428192E-01  -0.26557897E-01     0.48428192E-01   0.26557897E-01
 -0.48428192E-01  -0.26557897E-01    -0.18899612E+00  -0.17987441E+00    -0.14389417E+00   0.31698835E-01
  0.48428192E-01   0.26557897E-01    -0.14389417E+00   0.31698835E-01    -0.18899612E+00  -0.17987441E+00
    2    1
 -0.21701802E+00   0.17550045E+00    -0.48428192E-01   0.26557897E-01     0.48428192E-01  -0.26557897E-01
 -0.48428192E-01   0.26557897E-01    -0.18899612E+00   0.17987441E+00    -0.14389417E+00  -0.31698835E-01
  0.48428192E-01  -0.26557897E-01    -0.14389417E+00  -0.31698835E-01    -0.18899612E+00   0.17987441E+00
    2    2
  0.10966795E+01   0.00000000E+00    -0.61400548E-01   0.60339922E-01     0.61400548E-01  -0.60339922E-01
 -0.61400548E-01  -0.60339922E-01     0.85515588E+00   0.00000000E+00    -0.67964981E-01   0.00000000E+00
  0.61400548E-01   0.60339922E-01    -0.67964981E-01   0.00000000E+00     0.85515588E+00   0.00000000E+00

     Dynamical  Matrix in cartesian axes

     q = (   -0.750000000  -0.750000000   0.250000000 ) 

    1    1
  0.85515588E+00   0.00000000E+00     0.67964981E-01   0.00000000E+00    -0.61400548E-01  -0.60339922E-01
  0.67964981E-01   0.00000000E+00     0.85515588E+00   0.00000000E+00    -0.61400548E-01  -0.60339922E-01
 -0.61400548E-01   0.60339922E-01    -0.61400548E-01   0.60339922E-01     0.10966795E+01   0.00000000E+00
    1    2
 -0.17987441E+00  -0.18899612E+00    -0.31698835E-01   0.14389417E+00    -0.26557897E-01  -0.48428192E-01
 -0.31698835E-01   0.14389417E+00    -0.17987441E+00  -0.18899612E+00    -0.26557897E-01  -0.48428192E-01
 -0.26557897E-01  -0.48428192E-01    -0.26557897E-01  -0.48428192E-01    -0.17550045E+00  -0.21701802E+00
    2    1
 -0.17987441E+00   0.18899612E+00    -0.31698835E-01  -0.14389417E+00    -0.26557897E-01   0.48428192E-01
 -0.31698835E-01  -0.14389417E+00    -0.17987441E+00   0.18899612E+00    -0.26557897E-01   0.48428192E-01
 -0.26557897E-01   0.48428192E-01    -0.26557897E-01   0.48428192E-01    -0.17550045E+00   0.21701802E+00
    2    2
  0.85515588E+00   0.00000000E+00     0.67964981E-01   0.00000000E+00    -0.61400548E-01   0.60339922E-01
  0.67964981E-01   0.00000000E+00     0.85515588E+00   0.00000000E+00    -0.61400548E-01   0.60339922E-01
 -0.61400548E-01  -0.60339922E-01    -0.61400548E-01  -0.60339922E-01     0.10966795E+01   0.00000000E+00

     Dynamical  Matrix in cartesian axes

     q = (    0.250000000   0.750000000   0.750000000 ) 

    1    1
  0.10966795E+01   0.00000000E+00     0.61400548E-01  -0.60339922E-01     0.61400548E-01  -0.60339922E-01
  0.61400548E-01   0.60339922E-01     0.85515588E+00   0.00000000E+00     0.67964981E-01   0.00000000E+00
  0.61400548E-01   0.60339922E-01     0.67964981E-01   0.00000000E+00     0.85515588E+00   0.00000000E+00
    1    2
  0.21701802E+00  -0.17550045E+00    -0.48428192E-01   0.26557897E-01    -0.48428192E-01   0.26557897E-01
 -0.48428192E-01   0.26557897E-01     0.18899612E+00  -0.17987441E+00    -0.14389417E+00  -0.31698835E-01
 -0.48428192E-01   0.26557897E-01    -0.14389417E+00  -0.31698835E-01     0.18899612E+00  -0.17987441E+00
    2    1
  0.21701802E+00   0.17550045E+00    -0.48428192E-01  -0.26557897E-01    -0.48428192E-01  -0.26557897E-01
 -0.48428192E-01  -0.26557897E-01     0.18899612E+00   0.17987441E+00    -0.14389417E+00   0.31698835E-01
 -0.48428192E-01  -0.26557897E-01    -0.14389417E+00   0.31698835E-01     0.18899612E+00   0.17987441E+00
    2    2
  0.10966795E+01   0.00000000E+00     0.61400548E-01   0.60339922E-01     0.61400548E-01   0.60339922E-01
  0.61400548E-01  -0.60339922E-01     0.85515588E+00   0.00000000E+00     0.67964981E-01   0.00000000E+00
  0.61400548E-01  -0.60339922E-01     0.67964981E-01   0.00000000E+00     0.85515588E+00   0.00000000E+00

     Dynamical  Matrix in cartesian axes

     q = (   -0.250000000  -0.750000000   0.750000000 ) 

    1    1
  0.10966795E+01   0.00000000E+00     0.61400548E-01  -0.60339922E-01    -0.61400548E-01   0.60339922E-01
  0.61400548E-01   0.60339922E-01     0.85515588E+00   0.00000000E+00    -0.67964981E-01   0.00000000E+00
 -0.61400548E-01  -0.60339922E-01    -0.67964981E-01   0.00000000E+00     0.85515588E+00   0.00000000E+00
    1    2
 -0.21701802E+00   0.17550045E+00     0.48428192E-01  -0.26557897E-01    -0.48428192E-01   0.26557897E-01
  0.48428192E-01  -0.26557897E-01    -0.18899612E+00   0.17987441E+00    -0.14389417E+00  -0.31698835E-01
 -0.48428192E-01   0.26557897E-01    -0.14389417E+00  -0.31698835E-01    -0.18899612E+00   0.17987441E+00
    2    1
 -0.21701802E+00  -0.17550045E+00     0.48428192E-01   0.26557897E-01    -0.48428192E-01  -0.26557897E-01
  0.48428192E-01   0.26557897E-01    -0.18899612E+00  -0.17987441E+00    -0.14389417E+00   0.31698835E-01
 -0.48428192E-01  -0.26557897E-01    -0.14389417E+00   0.31698835E-01    -0.18899612E+00  -0.17987441E+00
    2    2
  0.10966795E+01   0.00000000E+00     0.61400548E-01   0.60339922E-01    -0.61400548E-01  -0.60339922E-01
  0.61400548E-01  -0.60339922E-01     0.85515588E+00   0.00000000E+00    -0.67964981E-01   0.00000000E+00
 -0.61400548E-01   0.60339922E-01    -0.67964981E-01   0.00000000E+00     0.85515588E+00   0.00000000E+00

     Dynamical  Matrix in cartesian axes

     q = (    0.750000000   0.750000000   0.250000000 ) 

    1    1
  0.85515588E+00   0.00000000E+00     0.67964981E-01   0.00000000E+00     0.61400548E-01   0.60339922E-01
  0.67964981E-01   0.00000000E+00     0.85515588E+00   0.00000000E+00     0.61400548E-01   0.60339922E-01
  0.61400548E-01  -0.60339922E-01     0.61400548E-01  -0.60339922E-01     0.10966795E+01   0.00000000E+00
    1    2
  0.18899612E+00  -0.17987441E+00    -0.14389417E+00  -0.31698835E-01    -0.48428192E-01   0.26557897E-01
 -0.14389417E+00  -0.31698835E-01     0.18899612E+00  -0.17987441E+00    -0.48428192E-01   0.26557897E-01
 -0.48428192E-01   0.26557897E-01    -0.48428192E-01   0.26557897E-01     0.21701802E+00  -0.17550045E+00
    2    1
  0.18899612E+00   0.17987441E+00    -0.14389417E+00   0.31698835E-01    -0.48428192E-01  -0.26557897E-01
 -0.14389417E+00   0.31698835E-01     0.18899612E+00   0.17987441E+00    -0.48428192E-01  -0.26557897E-01
 -0.48428192E-01  -0.26557897E-01    -0.48428192E-01  -0.26557897E-01     0.21701802E+00   0.17550045E+00
    2    2
  0.85515588E+00   0.00000000E+00     0.67964981E-01   0.00000000E+00     0.61400548E-01  -0.60339922E-01
  0.67964981E-01   0.00000000E+00     0.85515588E+00   0.00000000E+00     0.61400548E-01  -0.60339922E-01
  0.61400548E-01   0.60339922E-01     0.61400548E-01   0.60339922E-01     0.10966795E+01   0.00000000E+00

     Dynamical  Matrix in cartesian axes

     q = (    0.250000000  -0.750000000  -0.750000000 ) 

    1    1
  0.10966795E+01   0.00000000E+00    -0.61400548E-01   0.60339922E-01    -0.61400548E-01   0.60339922E-01
 -0.61400548E-01  -0.60339922E-01     0.85515588E+00   0.00000000E+00     0.67964981E-01   0.00000000E+00
 -0.61400548E-01  -0.60339922E-01     0.67964981E-01   0.00000000E+00     0.85515588E+00   0.00000000E+00
    1    2
 -0.17550045E+00  -0.21701802E+00    -0.26557897E-01  -0.48428192E-01    -0.26557897E-01  -0.48428192E-01
 -0.26557897E-01  -0.48428192E-01    -0.17987441E+00  -0.18899612E+00    -0.31698835E-01   0.14389417E+00
 -0.26557897E-01  -0.48428192E-01    -0.31698835E-01   0.14389417E+00    -0.17987441E+00  -0.18899612E+00
    2    1
 -0.17550045E+00   0.21701802E+00    -0.26557897E-01   0.48428192E-01    -0.26557897E-01   0.48428192E-01
 -0.26557897E-01   0.48428192E-01    -0.17987441E+00   0.18899612E+00    -0.31698835E-01  -0.14389417E+00
 -0.26557897E-01   0.48428192E-01    -0.31698835E-01  -0.14389417E+00    -0.17987441E+00   0.18899612E+00
    2    2
  0.10966795E+01   0.00000000E+00    -0.61400548E-01  -0.60339922E-01    -0.61400548E-01  -0.60339922E-01
 -0.61400548E-01   0.60339922E-01     0.85515588E+00   0.00000000E+00     0.67964981E-01   0.00000000E+00
 -0.61400548E-01   0.60339922E-01     0.67964981E-01   0.00000000E+00     0.85515588E+00   0.00000000E+00

     Dynamical  Matrix in cartesian axes

     q = (    0.750000000  -0.750000000  -0.250000000 ) 

    1    1
  0.85515588E+00   0.00000000E+00    -0.67964981E-01   0.00000000E+00    -0.61400548E-01  -0.60339922E-01
 -0.67964981E-01   0.00000000E+00     0.85515588E+00   0.00000000E+00     0.61400548E-01   0.60339922E-01
 -0.61400548E-01   0.60339922E-01     0.61400548E-01  -0.60339922E-01     0.10966795E+01   0.00000000E+00
    1    2
 -0.18899612E+00   0.17987441E+00    -0.14389417E+00  -0.31698835E-01    -0.48428192E-01   0.26557897E-01
 -0.14389417E+00  -0.31698835E-01    -0.18899612E+00   0.17987441E+00     0.48428192E-01  -0.26557897E-01
 -0.48428192E-01   0.26557897E-01     0.48428192E-01  -0.26557897E-01    -0.21701802E+00   0.17550045E+00
    2    1
 -0.18899612E+00  -0.17987441E+00    -0.14389417E+00   0.31698835E-01    -0.48428192E-01  -0.26557897E-01
 -0.14389417E+00   0.31698835E-01    -0.18899612E+00  -0.17987441E+00     0.48428192E-01   0.26557897E-01
 -0.48428192E-01  -0.26557897E-01     0.48428192E-01   0.26557897E-01    -0.21701802E+00  -0.17550045E+00
    2    2
  0.85515588E+00   0.00000000E+00    -0.67964981E-01   0.00000000E+00    -0.61400548E-01   0.60339922E-01
 -0.67964981E-01   0.00000000E+00     0.85515588E+00   0.00000000E+00     0.61400548E-01  -0.60339922E-01
 -0.61400548E-01  -0.60339922E-01     0.61400548E-01   0.60339922E-01     0.10966795E+01   0.00000000E+00

     Diagonalizing the dynamical matrix

     q = (    0.750000000  -0.250000000   0.750000000 ) 

 **************************************************************************
     freq (    1) =      20.445583 [THz] =     681.991245 [cm-1]
 ( -0.203326  0.456791  0.000000  0.000000  0.203326 -0.456791 ) 
 ( -0.500000 -0.000000 -0.000000  0.000000  0.500000 -0.000000 ) 
     freq (    2) =      24.574104 [THz] =     819.703869 [cm-1]
 ( -0.328821  0.235643 -0.336755  0.243504 -0.328821  0.235643 ) 
 ( -0.404538 -0.000000 -0.415566 -0.001768 -0.404538  0.000000 ) 
     freq (    3) =      28.895185 [THz] =     963.839624 [cm-1]
 (  0.223796  0.265081 -0.506286  0.054487  0.223796  0.265081 ) 
 (  0.346919 -0.000000 -0.284970 -0.422003  0.346919  0.000000 ) 
     freq (    4) =      33.742010 [THz] =    1125.512292 [cm-1]
 (  0.203326 -0.456791 -0.000000 -0.000000 -0.203326  0.456791 ) 
 ( -0.500000 -0.000000  0.000000 -0.000000  0.500000  0.000000 ) 
     freq (    5) =      34.434069 [THz] =    1148.596913 [cm-1]
 (  0.459032 -0.018107 -0.187816 -0.206515  0.459032 -0.018107 ) 
 ( -0.459389 -0.000000  0.179530 -0.213758 -0.459389  0.000000 ) 
     freq (    6) =      37.004208 [THz] =    1234.327505 [cm-1]
 ( -0.003048  0.070348  0.665640  0.216811 -0.003048  0.070348 ) 
 ( -0.070414  0.000000 -0.187796 -0.674401 -0.070414  0.000000 ) 
 **************************************************************************
